0
0.025
0.037
0.049
0.061
0.073
0.085
0.097
0.109
0.121
0.133
0.145
0.157
0.169
0.181
0.193
0.205
0.217
0.229
0.241
0.253
0.265
0.277
0.289
0.301
0.313
0.325
0.337
0.349
0.361
0.373
0.385
0.397
0.408
0.42
0.432
0.444
0.457
0.469
0.481
0.493
0.505
0.517
0.529
0.54
0.552
0.564
0.577
0.589
0.601
0.613
0.625
0.637
0.649
0.661
0.673
0.684
0.696
0.709
0.72
0.733
0.745
0.757
0.769
0.781
0.793
0.805
0.817
0.829
0.841
0.853
0.865
0.877
0.889
0.901
0.913
0.925
0.937
0.949
0.961
0.972
0.984
0.997
1.009
1.021
1.033
1.045
1.057
1.069
1.081
1.093
1.105
1.117
1.128
1.14
1.153
1.164
1.177
1.189
1.201
1.213
1.225
1.237
1.249
1.261
1.273
1.285
1.297
1.308
1.32
1.332
1.345
1.356
1.369
1.38
1.393
1.405
1.417
1.429
1.441
1.453
1.465
1.477
1.488
1.5
1.513
1.525
1.537
1.549
1.561
1.573
1.584
1.597
1.609
1.621
1.632
1.645
1.657
1.669
1.68
1.693
1.705
1.717
1.729
1.74
1.753
1.765
1.777
1.789
1.801
1.813
1.825
1.836
1.848
1.861
1.872
1.884
1.896
1.908
1.921
1.933
1.945
1.956
1.968
1.98
1.992
2.005
2.016
2.028
2.041
2.053
2.065
2.077
2.089
2.101
2.113
2.125
2.137
2.149
2.161
2.173
2.185
2.196
2.209
2.221
2.232
2.244
2.256
2.268
2.28
2.292
2.304
2.316
2.328
2.34
2.352
2.364
2.376
2.388
2.4
2.412
2.424
2.437
2.449
2.46
2.473
2.485
2.497
2.509
2.521
2.533
2.545
2.557
2.568
2.581
2.593
2.605
2.617
2.629
2.641
2.653
2.665
2.677
2.689
2.7
2.713
2.725
2.737
2.749
2.761
2.773
2.785
2.797
2.809
2.821
2.833
2.845
2.857
2.869
2.881
2.893
2.905
2.917
2.929
2.94
2.953
2.965
2.977
2.988
3.001
3.013
3.025
3.037
3.049
3.06
3.073
3.085
3.097
3.109
3.121
3.133
3.145
3.157
3.169
3.181
3.193
3.205
3.217
3.229
3.241
3.253
3.264
3.276
3.289
3.301
3.312
3.324
3.336
3.349
3.361
3.373
3.385
3.396
3.409
3.421
3.433
3.445
3.457
3.469
3.481
3.493
3.505
3.517
3.528
3.541
3.553
3.565
3.577
3.589
3.601
3.613
3.625
3.637
3.649
3.661
3.673
3.685
3.697
3.708
3.721
3.733
3.745
3.757
3.769
3.78
3.793
3.805
3.817
3.829
3.841
3.853
3.865
3.877
3.889
3.901
3.913
3.925
3.937
3.949
3.961
3.973
3.985
3.997
4.009
4.021
4.032
4.045
4.057
4.069
4.081
4.093
4.105
4.117
4.129
4.141
4.153
4.165
4.177
4.189
4.201
4.213
4.225
4.237
4.248
4.261
4.273
4.285
4.297
4.309
4.321
4.333
4.345
4.357
4.369
4.381
4.393
4.405
4.417
4.429
4.44
4.452
4.464
4.476
4.488
4.501
4.513
4.525
4.536
4.549
4.561
4.573
4.585
4.597
4.609
4.621
4.633
4.645
4.657
4.668
4.68
4.692
4.704
4.716
4.729
4.741
4.753
4.765
4.777
4.789
4.801
4.813
4.824
4.837
4.849
4.861
4.873
4.885
4.897
4.909
4.92
4.932
4.944
4.956
4.969
4.98
4.993
5.004
5.017
5.028
5.041
5.053
5.064
5.076
5.089
5.101
5.113
5.125
5.137
5.148
5.161
5.173
5.184
5.197
5.209
5.221
5.232
5.244
5.257
5.269
5.28
5.293
5.305
5.317
5.329
5.341
5.353
5.364
5.377
5.388
5.4
5.413
5.425
5.437
5.448
5.46
5.472
5.485
5.497
5.508
5.521
5.533
5.544
5.556
5.569
5.581
5.593
5.604
5.616
5.629
5.641
5.653
5.665
5.676
5.689
5.7
5.712
5.725
5.736
5.748
5.761
5.773
5.785
5.797
5.809
5.821
5.833
5.845
5.856
5.868
5.88
5.893
5.904
5.916
5.928
5.941
5.952
5.964
5.976
5.989
6
6.012
6.024
6.036
6.049
6.061
6.072
6.085
6.096
6.109
6.121
6.132
6.145
6.157
6.169
6.181
6.193
6.205
6.217
6.228
6.241
6.253
6.265
6.277
6.289
6.3
6.312
6.324
6.337
6.349
6.361
6.373
6.385
6.397
6.409
6.421
6.433
6.445
6.457
6.469
6.481
6.493
6.505
6.517
6.529
6.541
6.553
6.565
6.577
6.589
6.601
6.613
6.625
6.637
6.649
6.661
6.673
6.684
6.696
6.708
6.721
6.733
6.744
6.757
6.769
6.781
6.792
6.804
6.816
6.829
6.841
6.853
6.865
6.877
6.889
6.901
6.913
6.925
6.937
6.949
6.961
6.973
6.985
6.997
7.008
7.02
7.032
7.044
7.056
7.069
7.081
7.093
7.105
7.116
7.129
7.141
7.152
7.164
7.176
7.188
7.201
7.212
7.225
7.237
7.249
7.261
7.272
7.285
7.297
7.309
7.321
7.333
7.345
7.356
7.368
7.38
7.393
7.405
7.417
7.429
7.441
7.452
7.465
7.477
7.489
7.501
7.512
7.525
7.537
7.549
7.56
7.572
7.584
7.597
7.608
7.621
7.633
7.645
7.657
7.669
7.681
7.693
7.705
7.717
7.729
7.741
7.753
7.765
7.777
7.789
7.801
7.813
7.825
7.837
7.849
7.861
7.873
7.885
7.897
7.908
7.921
7.933
7.944
7.957
7.969
7.98
7.993
8.004
8.017
8.029
8.04
8.053
8.065
8.077
8.089
8.101
8.113
8.124
8.136
8.148
8.16
8.172
8.184
8.196
8.209
8.221
8.232
8.244
8.257
8.268
8.28
8.292
8.304
8.317
8.328
8.341
8.353
8.365
8.377
8.389
8.401
8.413
8.425
8.437
8.449
8.461
8.473
8.485
8.497
8.509
8.521
8.533
8.545
8.557
8.569
8.581
8.593
8.605
8.617
8.629
8.641
8.653
8.665
8.677
8.689
8.701
8.713
8.725
8.737
8.748
8.76
8.773
8.785
8.797
8.808
8.821
8.833
8.845
8.857
8.869
8.881
8.893
8.905
8.917
8.929
8.941
8.953
8.965
8.977
8.989
9.001
9.012
9.025
9.037
9.049
9.061
9.073
9.085
9.097
9.109
9.121
9.133
9.145
9.156
9.169
9.18
9.193
9.205
9.217
9.229
9.24
9.252
9.265
9.277
9.289
9.301
9.312
9.325
9.336
9.349
9.361
9.373
9.385
9.397
9.408
9.42
9.433
9.444
9.456
9.469
9.48
9.492
9.504
9.517
9.528
9.54
9.552
9.565
9.577
9.588
9.6
9.613
9.624
9.637
9.648
9.661
9.672
9.685
9.697
9.708
9.721
9.732
9.745
9.756
9.768
9.78
9.792
9.804
9.816
9.828
9.84
9.851
9.865
9.876
9.888
9.901
9.912
9.924
9.937
9.949
9.96
9.972
9.984
9.997
10.009
10.02
10.032
10.044
10.056
10.069
10.08
10.092
10.105
10.117
10.129
10.14
10.153
10.165
10.177
10.189
10.201
10.213
10.225
10.237
10.248
10.261
10.273
10.284
10.296
10.308
10.321
10.333
10.344
10.356
10.369
10.381
10.393
10.404
10.417
10.429
10.441
10.453
10.465
10.477
10.489
10.501
10.513
10.525
10.537
10.549
10.561
10.573
10.585
10.597
10.609
10.621
10.633
10.645
10.656
10.669
10.681
10.693
10.705
10.717
10.729
10.741
10.753
10.765
10.777
10.789
10.801
10.813
10.825
10.837
10.849
10.861
10.873
10.885
10.897
10.908
10.92
10.933
10.944
10.957
10.968
10.981
10.993
11.005
11.017
11.029
11.041
11.053
11.065
11.077
11.089
11.101
11.113
11.125
11.137
11.149
11.161
11.173
11.185
11.196
11.209
11.221
11.233
11.245
11.257
11.269
11.28
11.293
11.305
11.317
11.328
11.341
11.353
11.365
11.377
11.388
11.4
11.413
11.425
11.437
11.449
11.461
11.473
11.484
11.496
11.509
11.521
11.532
11.544
11.556
11.569
11.58
11.593
11.605
11.617
11.629
11.641
11.653
11.665
11.677
11.689
11.701
11.713
11.725
11.737
11.749
11.761
11.773
11.785
11.797
11.809
11.821
11.833
11.845
11.857
11.869
11.88
11.893
11.905
11.917
11.929
11.941
11.952
11.965
11.977
11.989
12.001
12.013
12.025
12.036
12.049
12.061
12.073
12.084
12.097
12.109
12.12
12.133
12.145
12.157
12.169
12.181
12.193
12.205
12.217
12.229
12.241
12.253
12.265
12.277
12.288
12.3
12.313
12.324
12.336
12.349
12.361
12.373
12.385
12.397
12.409
12.42
12.433
12.445
12.457
12.469
12.481
12.493
12.505
12.517
12.529
12.541
12.553
12.565
12.577
12.589
12.601
12.613
12.625
12.637
12.649
12.661
12.673
12.685
12.697
12.709
12.721
12.733
12.745
12.757
12.768
12.781
12.792
12.805
12.817
12.828
12.841
12.853
12.864
12.876
12.889
12.901
12.913
12.924
12.937
12.949
12.96
12.972
12.984
12.997
13.008
13.02
13.033
13.045
13.057
13.069
13.08
13.092
13.104
13.117
13.128
13.141
13.153
13.164
13.176
13.188
13.2
13.213
13.224
13.236
13.248
13.26
13.272
13.284
13.297
13.309
13.321
13.332
13.345
13.357
13.369
13.38
13.392
13.405
13.416
13.428
13.44
13.452
13.464
13.477
13.489
13.501
13.513
13.525
13.537
13.548
13.561
13.573
13.585
13.597
13.609
13.621
13.633
13.645
13.657
13.668
13.681
13.693
13.705
13.717
13.729
13.741
13.753
13.765
13.777
13.789
13.801
13.812
13.825
13.837
13.848
13.861
13.873
13.885
13.897
13.909
13.921
13.933
13.945
13.957
13.969
13.98
13.993
14.005
14.016
14.029
14.041
14.053
14.065
14.076
14.089
14.101
14.112
14.125
14.137
14.149
