10.9519,10.9573,-0.015391,-0.0153911
10.9611,10.9668,-0.0154985,-0.0155019
11.0701,11.0777,-0.0160918,-0.0161245
11.0172,11.191,-0.0158035,-0.0175107
11.1606,11.2493,-0.0177499,-0.0178603
11.4146,10.7829,-0.0293537,-0.0174647
10.9407,10.8954,-0.0267219,-0.0238326
10.9267,10.8846,-0.0256599,-0.0229061
10.935,10.8949,-0.0242899,-0.0209663
10.9936,10.8764,-0.0232475,-0.0188986
10.9567,10.8441,-0.0210396,-0.0167034
11.1111,10.8226,-0.019946,-0.0130818
11.1184,10.7778,-0.0179102,-0.0123282
11.1501,10.7431,-0.0162634,-0.0118936
11.1271,10.7399,-0.0148852,-0.0131584
11.1046,10.7364,-0.0144086,-0.0151984
11.1288,10.7733,-0.0148843,-0.0177165
11.2555,10.9096,-0.0190252,-0.0221193
11.1825,10.8637,-0.0177684,-0.0251633
11.1428,10.9991,-0.0182369,-0.0283122
11.1227,10.9903,-0.0195171,-0.0284977
11.1031,10.9812,-0.0202077,-0.0273107
11.0837,10.9718,-0.0202071,-0.0274964
11.0647,10.962,-0.0198708,-0.0279873
11.046,10.9522,-0.0191972,-0.0283001
11.0497,10.9637,-0.0182711,-0.0285839
11.0313,10.9536,-0.017187,-0.0281093
11.0131,10.9434,-0.0160637,-0.027555
11.0779,11.016,-0.0147498,-0.0262763
11.059,11.0055,-0.0139506,-0.0255814
11.0321,10.9994,-0.0132207,-0.0244912
11.0219,10.9836,-0.013647,-0.0224875
10.9987,10.9759,-0.0140871,-0.0207708
10.9857,10.9623,-0.0149484,-0.0187255
10.9678,10.9519,-0.0160449,-0.0166933
11.0341,11.0241,-0.0174787,-0.0149963
10.9695,10.9726,-0.0187613,-0.0138334
10.9506,10.9631,-0.0199278,-0.0133465
10.9324,10.9534,-0.0208651,-0.0134281
10.9157,10.9419,-0.0214613,-0.0139502
10.8984,10.9324,-0.0215792,-0.0149328
10.8833,10.9201,-0.0212344,-0.0160489
10.8886,10.9309,-0.0201821,-0.0161542
10.8525,10.896,-0.020084,-0.0185304
10.8388,10.8827,-0.0198491,-0.0195412
10.8259,10.869,-0.0195649,-0.0202648
10.8648,10.8252,-0.0198529,-0.0198546
10.852,10.811,-0.0189955,-0.0198272
10.837,10.8007,-0.018379,-0.0195528
10.8229,10.789,-0.0171107,-0.0188703
10.8089,10.7777,-0.0158716,-0.0178983
10.7947,10.7669,-0.0144724,-0.0167687
10.7804,10.7566,-0.0133532,-0.015645
10.7659,10.7468,-0.0126956,-0.0147091
10.7513,10.7375,-0.0125973,-0.0141058
10.7357,10.7273,-0.0130498,-0.0138869
10.7231,10.7185,-0.0142449,-0.0142904
10.7127,10.7028,-0.0157578,-0.0146341
10.8951,10.904,-0.0188438,-0.0164709
10.8725,10.8958,-0.0201534,-0.0175991
10.9459,10.9597,-0.0219327,-0.0186177
11.2118,11.2326,-0.0231338,-0.019464
11.2909,11.394,-0.0228506,-0.0205454
11.3619,11.4649,-0.0221911,-0.0201944
11.4109,11.5116,-0.0216548,-0.0192464
11.5021,11.6069,-0.0207107,-0.018348
11.559,11.5747,-0.0209557,-0.0172944
11.819,11.8349,-0.0200737,-0.0158798
11.8513,11.9636,-0.0181536,-0.0161231
12.0627,12.1779,-0.0166122,-0.015421
12.0324,12.1509,-0.0158692,-0.0153899
12.0752,12.2817,-0.0149656,-0.0166673
12.4049,10.6065,-0.0321147,-0.000161043
12.3843,10.6707,-0.0310299,0.00487762
11.6398,10.8075,-0.021522,0.00188193
11.6387,10.7706,-0.0235815,0.000689194
11.418,10.7908,-0.0181993,-0.000660712
11.3725,10.8036,-0.0157986,-0.00246293
11.3514,10.8319,-0.0153665,-0.00704214
11.3589,10.8744,-0.0168469,-0.0135065
11.3895,10.9328,-0.0195417,-0.0213212
11.3345,10.9057,-0.0225674,-0.0281504
11.3062,10.8975,-0.0252442,-0.0335785
11.3016,10.9103,-0.0269545,-0.0370626
11.3362,10.9609,-0.027598,-0.0385789
11.3934,11.03,-0.0265525,-0.0372923
11.474,11.1276,-0.0259583,-0.0379999
11.7195,11.3901,-0.02523,-0.0382008
11.568,11.269,-0.0245437,-0.0403153
11.5359,11.2573,-0.0243348,-0.0424444
11.5034,11.2467,-0.0232876,-0.0430844
11.512,11.2773,-0.0217,-0.0441339
11.4793,11.2666,-0.0202742,-0.045131
11.4466,11.2562,-0.0185574,-0.0459014
11.4374,11.2678,-0.0168613,-0.0462122
11.5372,11.3878,-0.0154149,-0.0460443
11.5373,11.4131,-0.014027,-0.0456709
11.5021,11.4003,-0.0134581,-0.0442584
11.4851,11.4095,-0.0135005,-0.0445779
11.5654,11.4262,-0.0153551,-0.0427729
11.3701,11.389,-0.0122809,-0.0371921
11.3086,11.3585,-0.0156701,-0.0354756
11.3046,11.364,-0.0190513,-0.0340516
11.3241,11.2823,-0.0257661,-0.0365979
11.3005,11.2634,-0.0268768,-0.0353367
11.3447,11.3112,-0.0271669,-0.0338725
11.3668,11.3365,-0.0267908,-0.0325373
11.343,11.3168,-0.025225,-0.0304192
11.316,11.3006,-0.0247176,-0.027316
11.309,11.3095,-0.0241064,-0.0247014
11.279,11.2967,-0.0232366,-0.0210878
11.3094,11.4258,-0.0213431,-0.0197453
11.2543,11.3919,-0.0192344,-0.0163377
11.2204,11.3827,-0.0174336,-0.014041
11.1857,11.3747,-0.0156109,-0.0127939
11.1747,11.3885,-0.0143559,-0.012711
11.1653,11.4,-0.013825,-0.0136921
11.1366,11.386,-0.0140233,-0.0155184
11.1578,11.4116,-0.0148245,-0.0181129
11.1391,11.3857,-0.0161221,-0.0208385
11.1921,11.4257,-0.0175012,-0.0237453
11.1638,11.3651,-0.0190189,-0.0258089
11.1786,11.352,-0.0196655,-0.0269907
11.1747,11.3123,-0.019859,-0.0269935
11.1699,11.2738,-0.019243,-0.0257286
11.1586,11.2425,-0.0185236,-0.0251646
11.1658,11.2379,-0.01779,-0.0250077
11.216,11.279,-0.0167394,-0.0240869
11.2196,11.277,-0.0154559,-0.0238467
11.3355,11.3067,-0.0145113,-0.0219886
11.3136,11.2843,-0.0136296,-0.0209337
11.2887,11.2654,-0.0133909,-0.0195687
11.2876,11.2675,-0.0135047,-0.0180703
11.2626,11.2491,-0.0138978,-0.0164146
11.2358,11.2332,-0.0146662,-0.0157146
11.3411,11.1748,-0.0166184,-0.0135981
11.4145,11.1681,-0.0181602,-0.0125892
11.356,11.1398,-0.019398,-0.0139838
11.3496,11.1474,-0.020792,-0.0153681
11.2679,11.1631,-0.0209381,-0.0172948
11.3632,11.1761,-0.0219333,-0.0178471
11.3531,11.2542,-0.0217103,-0.0201175
11.3691,11.3502,-0.0208831,-0.0213859
11.3492,11.3235,-0.020614,-0.0217219
11.3723,11.3443,-0.0201545,-0.0213132
11.3464,11.3141,-0.0198011,-0.020098
11.3176,11.3723,-0.0186352,-0.0198691
11.3491,11.3174,-0.0180818,-0.0175713
11.4215,11.3111,-0.0181018,-0.0161878
11.4081,11.3896,-0.0158307,-0.0156906
11.4878,11.3073,-0.0161882,-0.0139273
11.4489,11.3666,-0.0148873,-0.0147092
11.4406,11.3724,-0.0147229,-0.0151752
11.4557,11.3996,-0.015243,-0.0162128
11.4872,11.4404,-0.016756,-0.0180658
11.5501,11.505,-0.0177308,-0.0187444
11.5695,11.527,-0.0188801,-0.0195414
11.5655,11.6148,-0.0203026,-0.0225264
11.6831,11.734,-0.0217261,-0.023339
11.6578,11.6993,-0.0223297,-0.0231866
11.7787,11.8152,-0.0219737,-0.0217886
11.8384,11.8737,-0.0206171,-0.0210844
11.7847,11.8202,-0.0197277,-0.0204233
12.0235,12.1565,-0.018129,-0.0195188
11.8895,12.109,-0.017255,-0.0201406
11.9361,12.0623,-0.0184911,-0.0190772
11.9689,11.9912,-0.0179333,-0.0159919
12.1516,12.2042,-0.0155899,-0.0140138
12.2909,12.3335,-0.0184355,-0.0149542
12.3218,10.9182,-0.0234095,0.00593933
11.7704,11.0142,-0.0270433,-0.0112659
11.7546,11.0251,-0.0294948,-0.017761
11.736,11.0341,-0.0307622,-0.023932
11.6962,11.0243,-0.0307282,-0.0279715
11.6971,11.0524,-0.0330693,-0.0298497
11.6598,11.0472,-0.0361278,-0.0302339
11.6312,11.2922,-0.0356657,-0.0337173
11.8255,11.4312,-0.0367318,-0.0353431
11.8076,11.4325,-0.0379462,-0.0385251
12.0739,11.7326,-0.0385795,-0.040246
12.1928,11.7888,-0.0396201,-0.0417181
12.148,11.7748,-0.0397485,-0.0434737
11.6656,11.7676,-0.0247234,-0.0408306
11.6343,11.7419,-0.0270757,-0.0412349
11.6242,11.7368,-0.0279816,-0.0398391
11.5943,11.7097,-0.0272098,-0.0417943
11.564,11.6829,-0.0268135,-0.0441536
11.5338,11.6567,-0.0270902,-0.0456068
11.5038,11.6307,-0.0267978,-0.0469433
11.4915,11.627,-0.0267627,-0.0475512
11.5849,11.7294,-0.0254442,-0.0485356
11.6516,11.8062,-0.0239802,-0.0488961
11.6192,11.7807,-0.0224152,-0.0485361
11.5655,11.7291,-0.0206073,-0.0483065
11.5523,11.7243,-0.0189179,-0.0483327
11.5206,11.6974,-0.0172532,-0.0473334
11.4886,11.6715,-0.0159849,-0.0454527
11.456,11.6465,-0.0155902,-0.0442166
11.4248,11.6208,-0.0155828,-0.0422529
11.4539,11.6548,-0.016323,-0.0399101
11.4259,11.6285,-0.017486,-0.0374808
11.4973,11.6153,-0.0191909,-0.0335019
11.4866,11.6029,-0.0208947,-0.0305686
11.5021,11.6126,-0.0225135,-0.0275042
11.4711,11.5842,-0.0232417,-0.0240237
11.4541,11.5468,-0.0239014,-0.0203574
11.4541,11.5385,-0.0237655,-0.0169892
11.4307,11.5067,-0.0231399,-0.0140287
11.3816,11.4559,-0.0219275,-0.0119515
11.3543,11.4298,-0.0204756,-0.0111823
11.3486,11.4274,-0.0188975,-0.0115958
11.3418,11.4262,-0.0172991,-0.0130061
11.2932,11.3746,-0.0162046,-0.0151733
11.2576,11.4261,-0.014608,-0.0186732
11.2854,11.3577,-0.0146434,-0.0215605
11.2883,11.3445,-0.0142015,-0.0240985
11.2589,11.3199,-0.014074,-0.0265094
11.2511,11.2807,-0.0141474,-0.0273912
11.228,11.249,-0.0137675,-0.0272071
11.2261,11.2382,-0.0122735,-0.0252515
11.2885,11.1948,-0.0138438,-0.0246543
11.2752,11.1617,-0.013766,-0.0239971
11.2742,11.0718,-0.0153703,-0.0236471
11.3841,11.1779,-0.0143787,-0.0206166
11.2994,11.185,-0.0144857,-0.0229541
11.2968,11.1833,-0.0151865,-0.0222654
11.3727,11.2569,-0.0163047,-0.0210047
11.4003,11.2943,-0.0173128,-0.0195757
11.4935,11.4876,-0.0177933,-0.0185812
11.4945,11.4818,-0.0184739,-0.0171772
11.46,11.4557,-0.0188875,-0.0159491
11.4196,11.4376,-0.0186983,-0.0148633
11.5259,11.4629,-0.0190275,-0.0128583
11.5355,11.4809,-0.0169865,-0.012026
11.6457,11.6042,-0.0178215,-0.012457
11.6046,11.5823,-0.0179089,-0.0139973
11.6974,11.593,-0.0181941,-0.0144451
11.6853,11.5922,-0.0178575,-0.0161962
11.7181,11.6181,-0.0176134,-0.018371
11.746,11.6549,-0.0172802,-0.0206993
11.7142,11.6263,-0.0170028,-0.0221344
11.8697,11.7756,-0.0163682,-0.0234746
11.88,11.7835,-0.0158799,-0.0235858
11.9362,11.8319,-0.0154984,-0.022864
11.9446,11.8398,-0.0139308,-0.0212876
11.9291,11.8176,-0.0151459,-0.0217103
11.9417,11.8395,-0.0156318,-0.0211626
11.9776,11.877,-0.0162482,-0.0204531
12.0313,11.9335,-0.0173738,-0.0195896
12.0194,11.9232,-0.0183045,-0.0187466
12.0442,11.9599,-0.019397,-0.0177503
11.9811,11.9056,-0.0206581,-0.0180204
11.987,11.9232,-0.0212925,-0.0170361
11.9359,11.8815,-0.021878,-0.0167544
11.995,11.7611,-0.0239096,-0.0161708
11.9465,11.8219,-0.0230934,-0.0178625
11.9575,11.8363,-0.0226814,-0.0179547
11.9857,11.8719,-0.0226618,-0.0192666
11.9715,11.865,-0.0213564,-0.0198095
12.1075,12.0072,-0.020876,-0.0206129
12.2075,11.9315,-0.0212557,-0.019717
12.301,12.1212,-0.0196158,-0.0217305
12.3779,12.1177,-0.0190852,-0.0218164
12.3212,12.078,-0.0177116,-0.0219533
12.4868,12.0695,-0.0189116,-0.0209524
12.4038,12.0987,-0.0171337,-0.0227025
12.441,12.0563,-0.017497,-0.0200041
12.4404,12.1682,-0.0171301,-0.0202168
12.4779,12.1257,-0.0182552,-0.0186857
12.4531,12.1193,-0.0187828,-0.0171209
12.4561,12.2259,-0.0202389,-0.0219379
12.4679,12.1576,-0.0217991,-0.01743
12.4959,12.2139,-0.0226514,-0.0174662
12.4983,12.2224,-0.0237492,-0.0162912
12.5056,12.2443,-0.0239073,-0.0174511
12.4925,12.3448,-0.024377,-0.0183788
12.4936,12.3521,-0.0221502,-0.0183977
12.5438,12.3145,-0.0214653,-0.01747
12.4933,12.2858,-0.0210079,-0.019221
12.4216,12.2258,-0.0197811,-0.0197972
12.3728,12.1929,-0.0186897,-0.0204801
11.9437,12.1606,-0.00903269,-0.0214386
11.9086,12.1203,-0.0138639,-0.0252469
11.8739,12.0809,-0.0189089,-0.0284575
11.8855,12.0913,-0.0230071,-0.0304935
11.8513,12.0528,-0.0263174,-0.0310799
11.8411,12.0386,-0.0278105,-0.0314696
11.8081,11.9994,-0.0278846,-0.0338721
11.8909,11.9843,-0.0297348,-0.0344283
11.9612,12.0644,-0.0308032,-0.0356496
12.0062,12.0167,-0.032551,-0.035926
12.0232,11.9458,-0.0346398,-0.0365346
12.0081,11.9367,-0.0352412,-0.037423
11.96,11.9823,-0.0359891,-0.0390119
11.922,11.9463,-0.0365887,-0.0392471
11.9553,11.9816,-0.0364948,-0.0395711
11.9399,11.9686,-0.0369732,-0.040429
11.8705,11.9895,-0.036431,-0.0406089
11.9506,12.0721,-0.0359187,-0.0398796
11.953,12.1616,-0.0347441,-0.0399678
12.1114,12.046,-0.0361747,-0.0391256
12.1156,12.2213,-0.0330498,-0.0368538
12.107,12.1297,-0.0325407,-0.0351238
12.0666,12.0897,-0.030167,-0.0328003
12.0521,12.0756,-0.0276036,-0.0303555
12.0131,12.0369,-0.024752,-0.027009
11.971,11.9937,-0.021744,-0.0242847
12.0435,12.1552,-0.0191535,-0.0227497
12.0057,12.114,-0.0169037,-0.0196281
12.112,12.1305,-0.0165432,-0.01744
12.1101,12.0335,-0.0168307,-0.0159202
12.118,12.0421,-0.0174709,-0.016229
12.219,12.1443,-0.0197972,-0.018279
12.1562,12.0871,-0.0218563,-0.0204157
12.1143,12.0499,-0.0238873,-0.0226405
12.3055,12.2437,-0.026978,-0.0261502
12.3018,12.2497,-0.0282755,-0.0278552
12.2351,12.1906,-0.0279899,-0.0280334
12.2518,12.2151,-0.0262538,-0.0263496
12.2075,12.1762,-0.0266863,-0.0259194
12.2175,12.1003,-0.0266975,-0.0249366
12.197,12.0873,-0.0258783,-0.0243914
12.2847,12.269,-0.0234819,-0.02262
12.297,12.1959,-0.0226849,-0.0210733
12.2253,12.1269,-0.0210023,-0.0191682
12.2478,12.1513,-0.0191085,-0.017245
12.2593,12.1708,-0.0165726,-0.015084
12.2163,12.1318,-0.0152093,-0.0141755
12.1736,12.0922,-0.0145367,-0.013943
12.1317,12.0528,-0.0146575,-0.0144845
12.1103,12.0346,-0.0155788,-0.0158011
12.068,11.9967,-0.0170086,-0.0175414
12.0456,11.98,-0.0188767,-0.0196371
12.0234,11.9695,-0.0205129,-0.021507
12.0845,12.0348,-0.0221812,-0.0216523
12.0404,12.0018,-0.0231812,-0.0237933
11.9921,11.962,-0.0236319,-0.0245244
12.031,12.0115,-0.02243,-0.0230881
12.003,11.9895,-0.0217585,-0.0231667
12.1043,12.0953,-0.020901,-0.0222558
12.0615,12.0573,-0.0197232,-0.0216325
12.043,12.0428,-0.0185956,-0.0203268
12.1387,11.96,-0.0195361,-0.0185729
12.0975,11.9242,-0.0181693,-0.0174002
12.0541,11.8886,-0.0167965,-0.0163263
12.0836,11.9228,-0.0158904,-0.0155937
12.2398,11.8923,-0.0166271,-0.0132932
12.164,11.9157,-0.0161387,-0.0145915
12.0533,11.9946,-0.0148844,-0.016608
12.0115,11.9569,-0.0159597,-0.0175594
11.9938,11.943,-0.0175202,-0.0184905
12.1115,11.9782,-0.0205551,-0.0189629
12.099,11.8863,-0.0223761,-0.019649
12.082,11.9752,-0.0228842,-0.021119
11.9928,11.9962,-0.0222333,-0.0218365
11.978,11.988,-0.0219012,-0.0198584
12.0429,12.0598,-0.0208224,-0.0205811
12.2364,12.0772,-0.0211011,-0.0179883
12.3296,11.998,-0.0217772,-0.0161647
12.2799,11.9628,-0.0207871,-0.0157045
12.4325,11.9475,-0.020793,-0.0149034
12.4293,11.9626,-0.0192838,-0.0154844
12.3761,11.9305,-0.0176916,-0.0163911
12.324,11.8982,-0.0169188,-0.0179078
12.2728,11.866,-0.0163884,-0.0193357
12.2436,11.8533,-0.0162673,-0.020674
12.1967,11.8251,-0.0167112,-0.0219339
12.1854,11.921,-0.0168017,-0.0236211
12.168,12.0013,-0.0180265,-0.0254444
12.2203,11.9789,-0.0204323,-0.0253955
12.2365,11.8957,-0.0225231,-0.0240538
12.244,11.9491,-0.0230559,-0.0240544
12.2407,11.9649,-0.0245068,-0.0251336
12.3526,12.0036,-0.0264135,-0.0240485
12.3561,11.9336,-0.0267982,-0.0234245
12.2987,11.9112,-0.0253073,-0.0234205
12.2434,11.8823,-0.0246112,-0.0226415
12.2788,11.9382,-0.0234531,-0.0214197
12.3277,11.9979,-0.0223019,-0.0208611
12.3388,12.0322,-0.0212143,-0.0202055
12.3055,12.0201,-0.0206901,-0.0193833
12.3883,12.1167,-0.0195204,-0.0178821
12.4289,12.1835,-0.0181963,-0.0182347
12.4907,12.0824,-0.0187808,-0.0170929
12.459,12.0735,-0.0181222,-0.0173837
12.4183,12.0703,-0.0175195,-0.0184945
12.4764,12.1384,-0.0184061,-0.0200225
12.4877,12.1643,-0.0196041,-0.0220622
12.3581,12.2566,-0.0194985,-0.0254021
12.3066,12.2196,-0.020928,-0.0262734
12.2504,12.1772,-0.0220248,-0.0263996
12.4523,12.4035,-0.0233369,-0.0263392
12.3673,12.4211,-0.0231609,-0.0258918
12.3745,12.3462,-0.0241844,-0.0247879
12.3725,12.2764,-0.024285,-0.024277
12.3298,12.233,-0.0230567,-0.023517
12.2783,12.1947,-0.0221915,-0.0221038
12.2265,12.1573,-0.0207811,-0.0209813
12.1744,12.1191,-0.0194253,-0.0192017
12.1494,12.1073,-0.0179,-0.0177132
12.099,12.0708,-0.0165596,-0.0164552
12.0491,12.0346,-0.015706,-0.015733
11.9999,11.9986,-0.0154805,-0.0156748
11.9761,12.082,-0.01529,-0.0169235
12.0177,12.1327,-0.0163956,-0.0180394
11.9725,12.0924,-0.0179315,-0.0193384
12.1162,12.1504,-0.0201053,-0.0207702
12.0928,12.1366,-0.0219889,-0.0229515
12.0444,12.1,-0.0230702,-0.0244174
12.0756,12.0481,-0.024895,-0.0254833
12.1219,12.1004,-0.0247077,-0.0256838
12.1318,12.4006,-0.0208227,-0.0265894
12.2512,12.3284,-0.0215942,-0.0248518
12.264,12.2464,-0.021676,-0.0235238
12.3737,12.1767,-0.0223732,-0.0217268
12.3388,12.167,-0.0215735,-0.0214328
12.3632,12.2036,-0.0203692,-0.0199667
12.4252,12.0998,-0.0203643,-0.0177842
12.4778,12.0785,-0.0197262,-0.0164841
12.418,12.0472,-0.0183594,-0.0162265
12.4372,12.0836,-0.0174683,-0.0162037
12.4119,11.9941,-0.0175826,-0.0162554
12.3826,11.9789,-0.0174978,-0.0171108
12.3774,11.9231,-0.0183645,-0.0180315
12.4619,11.8483,-0.0210382,-0.0184618
12.3994,11.8223,-0.0215984,-0.0205428
12.3375,11.7964,-0.0220005,-0.0223394
12.3362,11.7357,-0.0233321,-0.023149
12.2743,11.7121,-0.0230704,-0.0238647
12.4073,11.6855,-0.0240117,-0.0220875
12.1956,11.7035,-0.0214566,-0.0241592
12.1637,11.6971,-0.019758,-0.0224227
12.0963,11.6761,-0.018077,-0.0223654
12.0307,11.7276,-0.0159463,-0.0223836
12,11.7272,-0.0149579,-0.0207801
12.0027,11.6667,-0.0150352,-0.0198535
11.915,11.6963,-0.0144885,-0.019442
11.8865,11.6887,-0.0149103,-0.0182507
11.892,11.8105,-0.0150937,-0.0178758
11.8499,11.7772,-0.01645,-0.0171464
11.8008,11.746,-0.018062,-0.0166275
11.9177,11.875,-0.0196784,-0.0165986
11.942,11.8267,-0.0228266,-0.0163351
11.9727,11.9586,-0.0242352,-0.0174636
12.0775,11.8984,-0.0269101,-0.0166918
12.0614,11.8065,-0.0271707,-0.0169088
12.1449,11.9138,-0.0254324,-0.0182823
12.1172,11.9037,-0.0260186,-0.0190099
12.0883,11.895,-0.0260345,-0.0197049
12.0119,11.8383,-0.0262934,-0.020232
12.0628,11.9073,-0.025754,-0.020605
12.0897,11.9552,-0.0247432,-0.0206783
12.297,12.275,-0.022517,-0.0206464
12.3384,12.3292,-0.0210418,-0.0201109
12.4088,12.4189,-0.0196232,-0.0188765
12.4027,12.526,-0.0170111,-0.0170464
12.3514,12.5826,-0.0159459,-0.0183002
12.3205,12.5578,-0.0158808,-0.0185137
12.335,12.5791,-0.0166657,-0.0190983
12.4583,12.7151,-0.0185533,-0.0204919
12.4036,12.849,-0.018785,-0.022615
12.4013,12.8467,-0.0213745,-0.0238556
12.3979,12.7313,-0.023947,-0.0235024
12.4159,12.8455,-0.0243758,-0.022234
12.388,12.8072,-0.0253495,-0.0220418
12.4636,12.7814,-0.0258834,-0.0222053
12.4776,12.6953,-0.0254232,-0.0208575
12.3615,12.7624,-0.0235161,-0.0210106
12.3422,12.7352,-0.0232521,-0.0198398
12.3377,12.7224,-0.0224616,-0.0184354
12.2686,12.7554,-0.0209821,-0.0172395
12.2368,12.693,-0.0198751,-0.0175532
12.2185,12.6611,-0.0188615,-0.0166386
12.2712,12.6023,-0.0182913,-0.0165371
12.394,12.6204,-0.0179549,-0.0169217
12.39,12.6085,-0.0174725,-0.0184624
12.3703,12.5755,-0.0173916,-0.0198972
12.2995,12.5029,-0.0176031,-0.0218444
12.255,12.4515,-0.0180289,-0.0234717
12.4353,12.4441,-0.0176618,-0.0227479
12.2197,12.4157,-0.0199023,-0.0262054
12.172,12.3628,-0.0206707,-0.0261045
12.1305,12.315,-0.0208834,-0.025263
12.2436,12.4269,-0.0205006,-0.0247505
12.1987,12.3774,-0.0201942,-0.0253853
12.3499,12.3237,-0.0209076,-0.0230905
12.3023,12.2794,-0.0198525,-0.0226287
12.3153,12.1966,-0.019687,-0.0217001
12.2615,12.2295,-0.0182379,-0.0208274
12.2828,12.0665,-0.0192409,-0.0184447
12.3441,12.023,-0.0191983,-0.0167877
12.3781,11.9809,-0.019961,-0.0152373
12.5123,12.1028,-0.0197755,-0.014938
12.4235,12.0463,-0.0196436,-0.0161713
12.3415,12.0608,-0.0186147,-0.0173315
12.4214,12.051,-0.0198418,-0.0177328
12.4621,12.094,-0.0187082,-0.0184238
12.3708,12.1038,-0.0200437,-0.0207939
12.5847,12.1487,-0.0220247,-0.0213855
12.5517,12.1348,-0.0220445,-0.021995
12.5789,12.0848,-0.0221463,-0.0229901
12.4665,12.0027,-0.0212132,-0.0236836
12.4041,12.0418,-0.0196762,-0.0244527
12.3809,11.9491,-0.0195292,-0.0214645
12.3173,11.993,-0.0183103,-0.0216579
12.2699,12.0576,-0.015062,-0.0209233
12.1763,11.9647,-0.016589,-0.0211015
12.1334,11.914,-0.0166429,-0.0193888
12.0821,11.8793,-0.0168758,-0.0191324
12.09,11.8018,-0.0179635,-0.0174776
12.0387,11.7701,-0.0184962,-0.0167883
11.9167,11.8481,-0.0183097,-0.0172336
11.8854,11.7988,-0.0197983,-0.0166555
11.8609,11.7902,-0.0211799,-0.0168809
11.7585,11.785,-0.0213864,-0.0177573
11.7712,11.7139,-0.0224293,-0.0171673
11.6956,11.7313,-0.021842,-0.0177793
11.7224,11.7626,-0.021393,-0.0178858
11.6233,11.7551,-0.0207898,-0.0182716
11.7332,11.7805,-0.020617,-0.0180377
11.8561,11.7106,-0.0219888,-0.0171123
11.7822,11.661,-0.0204516,-0.0186492
11.6741,11.7338,-0.0184553,-0.0200804
11.6328,11.696,-0.017351,-0.0203872
11.5943,11.6552,-0.0163678,-0.0204062
11.5647,11.6005,-0.0156706,-0.0198114
11.5202,11.5739,-0.0148079,-0.0198868
11.4576,11.5056,-0.0143848,-0.0193769
11.5781,11.5414,-0.015182,-0.0172538
11.6266,11.5886,-0.0157214,-0.0181636
11.6339,11.5979,-0.016391,-0.0180637
11.663,11.6273,-0.0177649,-0.0175496
11.7029,11.5793,-0.0187754,-0.016487
12.0077,11.888,-0.0209103,-0.016525
11.9552,11.8499,-0.022697,-0.0171187
11.8573,11.8461,-0.0209101,-0.0181207
11.9278,11.741,-0.0225926,-0.0168753
11.9299,11.7507,-0.0227213,-0.0168906
12.009,11.7469,-0.0220692,-0.0169657
12.0084,11.7581,-0.0208125,-0.0173404
12.065,11.7362,-0.0208061,-0.0172356
12.1881,11.6017,-0.021866,-0.0164784
12.159,11.5942,-0.0205857,-0.0175428
12.2134,11.5747,-0.0202418,-0.0178228
12.1574,11.5465,-0.0190671,-0.0186784
12.0436,11.5527,-0.0171841,-0.0200109
12.0465,11.492,-0.0170274,-0.0202939
11.9861,11.5419,-0.0159066,-0.0213825
11.9926,11.6509,-0.0152948,-0.022202
11.9673,11.6429,-0.0148762,-0.0208176
11.9965,11.5965,-0.0161472,-0.0191733
11.9767,11.6125,-0.0166807,-0.0191084
12.0835,11.6314,-0.0185392,-0.0179166
12.0008,11.5837,-0.0198071,-0.0177746
12.0482,11.5653,-0.0212366,-0.0168506
12.1611,11.6005,-0.0229618,-0.0158009
12.161,11.5429,-0.0239306,-0.0155892
12.2055,11.5283,-0.0242908,-0.0153878
12.1458,11.5063,-0.0231967,-0.0159364
12.2744,11.6513,-0.0220614,-0.0164325
12.1899,11.6062,-0.0205191,-0.0172799
12.1193,11.6561,-0.0189245,-0.0185085
12.1734,11.736,-0.0178336,-0.0192697
12.1782,11.769,-0.0165676,-0.0199271
12.4876,12.1003,-0.0155911,-0.0197083
12.3446,12.0787,-0.0131018,-0.0208601
12.4126,12.075,-0.0137962,-0.0206769
12.3429,12.1209,-0.013414,-0.0209402
12.2777,12.0902,-0.0142682,-0.0208569
12.3629,12.1861,-0.0167228,-0.0208467
12.3397,12.1672,-0.0181739,-0.0198377
12.3024,12.1559,-0.0199993,-0.0193483
12.3168,12.1887,-0.0216776,-0.0187173
12.3467,12.2391,-0.0231347,-0.0170903
12.3867,12.295,-0.0239129,-0.0162149
12.3513,12.275,-0.0238587,-0.0153259
12.4213,12.2707,-0.0244075,-0.0148448
12.4068,12.2689,-0.0237355,-0.014938
12.3515,12.239,-0.0230734,-0.0160089
12.3707,12.4703,-0.0205291,-0.0186885
12.3176,12.4284,-0.0198396,-0.0195358
12.2676,12.3714,-0.0193184,-0.02029
12.2596,12.3876,-0.0185323,-0.0210882
12.176,12.4018,-0.0169878,-0.0225865
12.1601,12.2918,-0.0171012,-0.022467
12.1515,12.2911,-0.0164319,-0.0226989
12.0918,12.2551,-0.015666,-0.0225758
12.0392,12.2816,-0.0153589,-0.0223556
11.9947,12.24,-0.0157796,-0.0214199
11.9523,12.1946,-0.016508,-0.0207271
11.9701,12.2174,-0.017543,-0.019642
11.8685,12.2062,-0.0179393,-0.019456
11.831,12.1551,-0.0192086,-0.0181208
11.788,12.1142,-0.020372,-0.0176755
11.7459,12.0707,-0.0216843,-0.0171436
11.748,12.0709,-0.0224126,-0.0179089
11.7555,11.9523,-0.0232848,-0.0149021
11.7657,11.9858,-0.0224793,-0.0154924
11.7285,11.9383,-0.0217367,-0.0160618
11.7419,11.8688,-0.021845,-0.0161573
11.6503,11.9624,-0.0193763,-0.0175445
11.5926,11.9019,-0.0185356,-0.0192605
11.6455,12.0341,-0.0164929,-0.022508
11.6833,11.9718,-0.0165008,-0.0208409
11.6685,11.9511,-0.0158083,-0.0210771
11.6296,11.9033,-0.0160662,-0.0211445
11.6148,11.8856,-0.0160487,-0.0210748
11.6319,11.8036,-0.0165907,-0.0198474
11.5625,11.8203,-0.0167463,-0.0196803
11.5274,11.778,-0.0173379,-0.0189657
11.5334,11.7748,-0.0184124,-0.0179988
11.637,11.874,-0.0197191,-0.016901
11.6226,11.8569,-0.0203809,-0.0164351
11.5647,11.7893,-0.0208293,-0.0161477
11.5503,11.7665,-0.0212453,-0.0159967
11.5343,11.8478,-0.0208087,-0.0164048
11.5072,11.7988,-0.0208896,-0.0163179
11.4977,11.7811,-0.0206207,-0.0167368
11.4649,11.7378,-0.0199616,-0.0171252
11.431,11.6903,-0.0189831,-0.017561
11.4196,11.6679,-0.0183052,-0.0179943
11.5304,11.77,-0.0155995,-0.0183092
11.4974,11.7212,-0.0167998,-0.0178938
11.4659,11.6784,-0.0165553,-0.0197427
11.4344,11.6362,-0.0162445,-0.0200776
11.519,11.6267,-0.016312,-0.0198192
11.4465,11.6448,-0.0149815,-0.0204794
11.5325,11.5295,-0.0172384,-0.0192805
11.4664,11.5468,-0.0167746,-0.0207451
11.5087,11.4946,-0.0176901,-0.0181032
11.4925,11.4732,-0.018329,-0.0173465
11.5531,11.4438,-0.0191712,-0.0164535
11.6388,11.5255,-0.0196451,-0.01588
11.5934,11.5671,-0.0186913,-0.0156887
11.6893,11.4841,-0.0202577,-0.0140012
11.5878,11.5585,-0.0185379,-0.0152221
11.5738,11.5455,-0.0184643,-0.015501
11.6213,11.5863,-0.0184429,-0.0159892
11.6013,11.5673,-0.0184417,-0.0168031
11.6116,11.5703,-0.0186573,-0.017537
11.6898,11.5622,-0.019543,-0.0179426
11.6949,11.5704,-0.0189828,-0.0184523
11.6555,11.5358,-0.0185599,-0.0190425
11.8791,11.664,-0.0186619,-0.0186822
12.0276,11.5504,-0.0201043,-0.0168463
12.1237,11.5644,-0.0193136,-0.0163139
12.1111,11.5778,-0.0185781,-0.0167722
12.2056,11.5923,-0.0181837,-0.0165236
12.2094,11.5884,-0.017704,-0.0168899
12.1905,11.6122,-0.0169287,-0.0180382
12.2577,11.6065,-0.0176238,-0.0182557
12.3378,11.6997,-0.0177981,-0.0190223
12.2824,11.673,-0.0180109,-0.0197132
12.3075,11.7282,-0.0186136,-0.0202936
12.302,11.7413,-0.0193537,-0.0202405
12.2846,11.7519,-0.0200546,-0.0199617
12.2704,11.7652,-0.0205338,-0.0194109
12.4052,11.9174,-0.0210308,-0.0180097
12.3486,11.8893,-0.0210353,-0.0181042
12.499,12.0633,-0.0207062,-0.0171425
12.6312,12.217,-0.0203251,-0.01648
12.5793,12.1669,-0.0201372,-0.0160393
12.5467,12.1596,-0.0197172,-0.0156646
12.5049,12.1562,-0.0194229,-0.0180265
12.4568,12.1091,-0.0197715,-0.0189109
12.3942,12.0879,-0.0196013,-0.0204696
12.4179,12.0427,-0.0200521,-0.0209463
12.3885,12.0303,-0.0196288,-0.0217499
12.3779,12.0329,-0.0191662,-0.0220986
12.4289,12.1216,-0.0185131,-0.022903
12.5971,12.1972,-0.0187489,-0.0223258
12.5061,12.1519,-0.0181631,-0.0223878
12.4613,12.2211,-0.0165328,-0.0216508
12.4671,12.1503,-0.01699,-0.0210626
12.4114,12.1159,-0.0169288,-0.0200947
12.381,12.1059,-0.0170781,-0.0197018
12.3174,12.1533,-0.0167961,-0.0193766
12.4415,12.2785,-0.0177066,-0.019528
12.3827,12.2496,-0.0186244,-0.018951
12.4433,12.3285,-0.0199277,-0.018669
12.4585,12.3618,-0.0212514,-0.0184047
12.5137,12.3374,-0.0227818,-0.0179341
12.5587,12.3939,-0.0239259,-0.0182012
12.5644,12.3213,-0.0258909,-0.018374
12.5582,12.3322,-0.0264894,-0.0190665
12.6078,12.3102,-0.0260286,-0.0178357
12.5644,12.1877,-0.0260878,-0.0195766
12.6153,12.1674,-0.0269619,-0.0199335
12.5528,12.1331,-0.026342,-0.0207371
12.5805,12.0915,-0.0267004,-0.0206352
12.644,12.1857,-0.0261568,-0.0216878
12.7627,12.331,-0.0245444,-0.0214937
12.6992,12.2983,-0.0239689,-0.0218733
12.7472,12.2788,-0.0236467,-0.0222583
12.6825,12.2417,-0.0234006,-0.0238623
12.7756,12.0842,-0.0236047,-0.020185
12.7881,12.0429,-0.0218976,-0.0189989
12.75,12.0455,-0.0199928,-0.0188782
12.723,11.9471,-0.0183363,-0.0174335
12.6068,12.0026,-0.0155048,-0.0183928
12.5716,11.923,-0.0152468,-0.0181835
12.6151,11.9115,-0.0158516,-0.0185457
12.6095,11.8486,-0.0173224,-0.0191757
12.6206,11.8216,-0.0191284,-0.0203766
12.7053,11.6774,-0.0216872,-0.0202576
12.6864,11.7043,-0.0226122,-0.0216002
12.556,11.6488,-0.0234931,-0.0231823
12.4846,11.6333,-0.0238411,-0.0234878
12.4153,11.617,-0.0235936,-0.0229469
12.3466,11.6003,-0.0226081,-0.0225006
12.2776,11.586,-0.0211369,-0.0223242
12.2103,11.5706,-0.0193937,-0.0220023
12.1118,11.6099,-0.0171935,-0.0219952
12.08,11.5378,-0.0163514,-0.0202279
12.0147,11.5232,-0.0150576,-0.0191336
11.9497,11.5094,-0.0141241,-0.0178276
11.9202,11.6103,-0.0134558,-0.0168736
11.9944,11.7261,-0.0135657,-0.0158361
11.9317,11.7085,-0.0144843,-0.0153498
11.952,11.6793,-0.0166003,-0.0148697
12.2538,12.0397,-0.0207952,-0.0168544
12.3614,11.9899,-0.0250721,-0.0176749
12.2974,11.9611,-0.0245408,-0.0176375
12.2792,11.9754,-0.024761,-0.0188913
12.2506,11.97,-0.0244897,-0.0199552
12.4258,12.1784,-0.0230709,-0.0209818
12.3401,12.1263,-0.0233127,-0.0214866
12.3199,12.1321,-0.0235576,-0.021573
12.2898,12.1266,-0.0229715,-0.0212814
12.4082,12.1916,-0.0225237,-0.0196009
12.366,12.1854,-0.0213241,-0.0189705
12.3749,12.225,-0.0197795,-0.017536
12.3555,12.2429,-0.0183037,-0.0167652
12.4684,12.3914,-0.0164499,-0.0155401
12.4029,12.3635,-0.0155774,-0.0156147
12.3607,12.3622,-0.0157001,-0.0163923
12.3254,12.3531,-0.0170875,-0.0174876
12.3192,12.2917,-0.0193895,-0.0189914
12.2102,12.2103,-0.0218773,-0.0212062
12.1136,12.3149,-0.0220009,-0.0246531
12.0435,12.2467,-0.0237561,-0.0258582
12.0012,12.2012,-0.0243035,-0.026188
12.0139,12.3881,-0.0239703,-0.026362
12.0755,12.4666,-0.0222576,-0.0266098
12.0979,12.4922,-0.0211909,-0.0258009
12.0829,12.4892,-0.0202254,-0.0256927
12.1594,12.578,-0.0188044,-0.0239371
12.1083,12.5374,-0.018458,-0.0230187
12.1138,12.5557,-0.0178908,-0.0221982
12.1085,12.56,-0.0177321,-0.0205179
12.0447,12.5993,-0.0167842,-0.0196154
12.3214,13.0988,-0.0167266,-0.0205417
12.4204,13.1088,-0.0181049,-0.0190109
12.43,13.3128,-0.0185529,-0.0205473
12.3854,13.2538,-0.0199962,-0.0202687
12.6573,13.3429,-0.0236056,-0.0195861
12.65,13.2186,-0.0249408,-0.0194646
12.6296,13.1854,-0.0251929,-0.0206858
12.7458,13.0887,-0.0263589,-0.0200017
13.0772,13.3048,-0.02611,-0.0209288
13.1514,13.3707,-0.0251147,-0.0219497
13.1957,13.5058,-0.023522,-0.0239619
13.1858,13.4958,-0.0226067,-0.0241783
13.0714,13.4697,-0.0211641,-0.024872
13.3255,13.7129,-0.0190675,-0.0237605
13.2718,13.6457,-0.0179818,-0.022545
13.2368,13.6048,-0.0172813,-0.0212912
13.2068,13.5693,-0.0171323,-0.0201126
13.2142,13.5606,-0.0177561,-0.0187412
13.2884,13.6365,-0.0187274,-0.0183542
13.218,13.541,-0.0204872,-0.0184823
13.3393,13.6463,-0.0223937,-0.0189364
13.3239,13.5172,-0.0247151,-0.0197616
13.2579,13.544,-0.0245493,-0.0214247
13.2412,13.5145,-0.0249134,-0.0226581
13.2087,13.4687,-0.0245577,-0.0232829
13.3324,13.5735,-0.0232524,-0.0229859
13.5203,13.7351,-0.0217903,-0.0211187
13.514,13.8142,-0.0202956,-0.020999
13.5654,13.8352,-0.0194665,-0.0197782
13.509,13.7705,-0.0192266,-0.019345
13.4681,13.6736,-0.0195862,-0.0185191
13.3998,13.6249,-0.0195109,-0.0191656
13.409,13.6157,-0.0202813,-0.01992
13.512,13.6965,-0.0213868,-0.0211109
13.4546,13.6243,-0.0220977,-0.0221216
13.3966,13.5535,-0.0226251,-0.0229828
13.329,13.4893,-0.0228016,-0.0238081
13.2843,13.4095,-0.0229231,-0.0234382
13.5114,13.6192,-0.0223244,-0.0209768
13.4263,13.5207,-0.0217625,-0.0220313
13.4147,13.4878,-0.0209321,-0.0208736
13.3829,13.4451,-0.020336,-0.0198774
13.3284,13.3714,-0.0196473,-0.0188315
13.2481,13.272,-0.0191727,-0.0180253
13.2638,13.2673,-0.0191098,-0.0175872
13.2112,13.1949,-0.0192451,-0.0176268
13.1792,13.1447,-0.0194518,-0.0178848
13.2372,13.1681,-0.0210814,-0.0192668
13.2178,13.1497,-0.0220828,-0.0209578
13.1599,13.0841,-0.0228575,-0.0221947
13.1423,13.0622,-0.0236019,-0.0233257
13.1932,13.1065,-0.0238181,-0.0238421
13.0431,13.0553,-0.0229927,-0.0244646
12.9859,12.9922,-0.022424,-0.0235661
12.5896,13.1276,-0.0204355,-0.0252651
12.552,13.0493,-0.0207562,-0.0241562
12.5138,12.9728,-0.0195792,-0.0229776
12.4767,12.8965,-0.0185041,-0.0214128
12.5,12.7861,-0.0181214,-0.0192033
12.4868,12.7386,-0.0173269,-0.0177466
12.4512,12.6637,-0.0169357,-0.0166447
12.4158,12.5898,-0.0171012,-0.0161637
12.4024,12.5448,-0.0178854,-0.0164211
12.331,12.6522,-0.0168394,-0.0179859
12.3398,12.5155,-0.0202127,-0.0184847
12.2982,12.451,-0.0220844,-0.0197493
12.2535,12.3912,-0.0244987,-0.0210655
12.1911,12.3439,-0.0261521,-0.0222974
12.153,12.2805,-0.026764,-0.0225357
12.0963,12.3031,-0.0270042,-0.022682
12.0454,12.2555,-0.0258996,-0.0218042
11.9728,12.2506,-0.0251454,-0.0211818
11.9312,12.1966,-0.024993,-0.0204642
11.9491,12.1053,-0.024921,-0.0186782
11.9595,12.0938,-0.0247588,-0.0177692
11.9593,11.9737,-0.0242962,-0.0166417
12.062,11.868,-0.0249891,-0.0142835
12.0412,11.8443,-0.0230618,-0.0146696
12.0818,11.7809,-0.0221772,-0.0141533
12.0757,11.6696,-0.0206558,-0.0146397
12.0897,11.5871,-0.0193773,-0.0151207
12.0941,11.5859,-0.0175553,-0.01634
12.0218,11.5189,-0.0157989,-0.0182573
12.0359,11.4416,-0.0161497,-0.0195156
12.0461,11.3663,-0.0168306,-0.0205782
11.9472,11.4626,-0.0155022,-0.0226797
11.8777,11.5081,-0.0150667,-0.0235054
11.817,11.4445,-0.017056,-0.0233927
11.7685,11.4091,-0.0186045,-0.0235312
11.7707,11.3464,-0.0205421,-0.0224757
11.7598,11.3522,-0.022234,-0.0225058
11.7093,11.3208,-0.0235099,-0.0225158
11.721,11.3506,-0.023832,-0.0226324
11.6922,11.3434,-0.0235932,-0.0217139
11.7345,11.3189,-0.0235375,-0.0205575
11.7641,11.2787,-0.0229076,-0.0185859
11.7862,11.3128,-0.021438,-0.0174323
11.8177,11.2699,-0.0206803,-0.0153951
11.768,11.2329,-0.0192882,-0.0142752
11.7593,11.3195,-0.0168897,-0.0141275
11.8236,11.3893,-0.0150555,-0.01352
11.8593,11.3398,-0.0151511,-0.0134696
12.0178,11.5863,-0.0142674,-0.014812
12.0987,11.5843,-0.0150841,-0.0149064
12.1644,11.4817,-0.0196497,-0.0167033
12.1883,11.4369,-0.0190242,-0.0156461
12.196,11.5499,-0.0200109,-0.0180985
12.2701,11.4757,-0.0229343,-0.0178974
12.1835,11.4364,-0.0236614,-0.0195867
12.2264,11.4264,-0.0249295,-0.0199557
12.2429,11.3959,-0.0259648,-0.0198535
12.2612,11.3592,-0.0259147,-0.0190302
12.3814,11.3464,-0.0261217,-0.0177612
12.3632,11.4629,-0.0244886,-0.0178061
12.5121,11.5367,-0.0245595,-0.0166124
12.5972,11.6558,-0.0228415,-0.0161813
12.5885,11.6938,-0.0208628,-0.0164366
12.54,11.6902,-0.0185225,-0.0162356
12.4996,11.6858,-0.0179498,-0.0164598
12.4274,11.659,-0.0147441,-0.0172075
12.3631,11.6342,-0.0139187,-0.0180142
12.2675,11.6637,-0.0137316,-0.0193589
12.239,11.5811,-0.0157289,-0.0198291
12.2525,11.6382,-0.0180834,-0.0208351
12.1867,11.6165,-0.0208298,-0.0213441
12.1208,11.5951,-0.0228868,-0.0212592
12.0559,11.5739,-0.0244459,-0.0206536
11.9917,11.5529,-0.025101,-0.0195259
11.873,11.5631,-0.0239887,-0.019633
11.8625,11.5827,-0.0229123,-0.0193268
11.8923,11.472,-0.0226373,-0.0175605
11.8939,11.5125,-0.021531,-0.0168907
11.8276,11.7569,-0.0186579,-0.0179659
11.7721,11.7278,-0.0173192,-0.017251
11.7092,11.7761,-0.0157674,-0.0176545
11.6404,11.7263,-0.0156639,-0.0172264
11.6201,11.7387,-0.0157592,-0.0186871
11.5988,11.6348,-0.016287,-0.0174949
11.6818,11.7469,-0.0170658,-0.0196216
11.7771,11.7765,-0.0181233,-0.020053
11.7709,11.7913,-0.0189189,-0.0210714
11.8347,11.6923,-0.0211849,-0.0211666
11.7877,11.6714,-0.0218408,-0.0225959
11.7693,11.6763,-0.0211257,-0.0222324
11.7187,11.648,-0.0203251,-0.0219251
11.6671,11.6174,-0.0191121,-0.0210933
11.638,11.6111,-0.0179584,-0.0199143
11.5607,11.5562,-0.0165435,-0.0194206
11.6731,11.4333,-0.0156451,-0.0156471
11.6187,11.4134,-0.0161979,-0.0170233
11.6565,11.3988,-0.016353,-0.0164193
11.6458,11.4238,-0.0159833,-0.0168159
11.62,11.3487,-0.0166597,-0.0166917
11.5406,11.3054,-0.0174182,-0.0179076
11.5055,11.3051,-0.0181967,-0.0190903
11.4468,11.3572,-0.0180328,-0.0202673
11.427,11.2802,-0.0196754,-0.0204998
11.3526,11.2303,-0.0202253,-0.0212364
11.3283,11.2283,-0.0203446,-0.0213144
11.2828,11.2035,-0.0199732,-0.0207958
11.2074,11.2316,-0.0185878,-0.0205476
11.1941,11.1537,-0.0182813,-0.0190819
11.1487,11.1315,-0.0171966,-0.0181518
11.22,11.1432,-0.0162533,-0.0164004
11.2369,11.1165,-0.0157384,-0.0146188
11.1727,11.0701,-0.0151477,-0.0138572
11.1474,11.0766,-0.0149048,-0.0139853
11.1003,11.0588,-0.015148,-0.014506
11.0533,11.0422,-0.0156399,-0.0155728
11.0095,11.023,-0.0165161,-0.0169916
10.9686,11.0019,-0.017523,-0.0185866
10.9305,10.979,-0.0184476,-0.0201271
10.9941,11.0573,-0.0193263,-0.0222161
10.9402,11.009,-0.0197025,-0.0231013
10.9089,10.9796,-0.0198759,-0.0230956
10.9257,10.9876,-0.0213963,-0.0218661
10.839,10.9316,-0.0175115,-0.0221195
10.8424,10.9495,-0.0168744,-0.022011
10.9086,11.0298,-0.0153469,-0.0203485
10.8275,10.9657,-0.0148209,-0.0196918
10.8366,10.9867,-0.0141968,-0.018099
10.8682,11.0286,-0.0139234,-0.0165526
10.8986,11.0715,-0.0139342,-0.0151961
10.8833,11.0736,-0.0143141,-0.0141421
10.8679,11.0754,-0.0151296,-0.0137218
10.8032,11.1053,-0.0162045,-0.0146475
10.7714,11.081,-0.0177421,-0.0153211
10.7647,11.0757,-0.0188895,-0.0162161
10.8732,11.1899,-0.0209209,-0.0185031
10.8761,11.1825,-0.021777,-0.0195358
10.918,11.2109,-0.0221103,-0.0189876
10.8052,11.0948,-0.021561,-0.021649
10.7832,11.0629,-0.0202653,-0.0218004
10.76,11.0334,-0.0201681,-0.0211583
10.7999,11.0696,-0.019404,-0.0201495
10.928,11.1896,-0.0184221,-0.0185607
10.9209,11.1861,-0.0173312,-0.017155
10.9535,11.2233,-0.0160898,-0.0143603
10.8666,11.2976,-0.0149648,-0.0165357
10.9537,11.3051,-0.0151517,-0.0152392
11.1301,11.4806,-0.015872,-0.0152085
11.1845,11.3656,-0.0178272,-0.0150925
11.3046,11.4784,-0.0188775,-0.016527
11.3572,11.4619,-0.020192,-0.0184969
11.3737,11.5719,-0.0195816,-0.020878
11.4581,11.5366,-0.0207679,-0.021875
11.8681,11.922,-0.0206229,-0.0240078
11.8952,11.9512,-0.0201244,-0.0248853
11.985,12.0351,-0.0187963,-0.0241306
11.9863,12.0392,-0.017562,-0.023199
12.0449,12.0114,-0.0178558,-0.0222951
12.1507,12.1197,-0.0168743,-0.0209827
12.1277,12.1011,-0.0162935,-0.0197386
12.1053,12.0878,-0.0167194,-0.0184167
12.1254,12.1131,-0.0172722,-0.016933
12.201,12.1033,-0.0189485,-0.0153411
12.1559,12.0695,-0.0199005,-0.0154134
12.0778,12.0906,-0.0199452,-0.0162761
12.1618,12.1776,-0.0214003,-0.0171163
12.3073,12.2256,-0.0234534,-0.0175244
12.3088,12.2302,-0.0242669,-0.0184526
12.3208,12.1571,-0.0247892,-0.0191054
12.5295,12.2619,-0.024104,-0.0203291
12.4736,12.2239,-0.0232616,-0.0212622
12.4966,12.2434,-0.0227615,-0.0215614
12.4441,12.2087,-0.0218464,-0.0217477
12.456,12.2363,-0.0202848,-0.0213901
12.5796,12.2672,-0.0197038,-0.0191685
12.6392,12.4212,-0.0171889,-0.0184809
12.7109,12.3181,-0.0174943,-0.0160934
12.7029,12.3257,-0.0176737,-0.0166406
12.602,12.3476,-0.0176077,-0.0186857
12.6109,12.2747,-0.0190299,-0.0182261
12.6912,12.3593,-0.0211782,-0.0198002
12.7771,12.3468,-0.0228734,-0.0199859
12.9015,12.4904,-0.0230352,-0.0207935
12.9121,12.5156,-0.025898,-0.023289
13.0939,12.6091,-0.0276741,-0.0232625
13.0613,12.5961,-0.0270581,-0.022725
13.1312,12.5822,-0.0262237,-0.0211303
13.1928,12.6588,-0.0261026,-0.0203845
13.3058,12.6953,-0.0251161,-0.0189959
13.2254,12.7392,-0.0228564,-0.0186517
13.2779,12.7114,-0.0222626,-0.0174227
13.2102,12.6722,-0.0202643,-0.0171329
13.196,12.6806,-0.0186861,-0.0169927
13.2657,12.675,-0.0179513,-0.0165872
13.4655,12.6893,-0.0188471,-0.0164677
13.3712,12.6665,-0.0174077,-0.0183655
13.3753,12.5848,-0.0187513,-0.0192831
13.296,12.5579,-0.018914,-0.0215438
13.2683,12.5392,-0.0206019,-0.0232962
13.1927,12.5021,-0.0219017,-0.0248028
13.307,12.6423,-0.0233821,-0.022432
13.2085,12.5842,-0.0231814,-0.025858
13.2795,12.6801,-0.0247081,-0.0259558
13.459,12.8855,-0.0242885,-0.0249585
13.3594,12.822,-0.0233651,-0.0246893
13.269,12.8685,-0.0210041,-0.0252773
13.2715,12.9974,-0.0186141,-0.0246956
13.2101,12.9515,-0.0175025,-0.0235976
13.2071,12.9717,-0.0164677,-0.021966
13.2244,13.0164,-0.0157387,-0.0202535
13.2394,13.0605,-0.0162298,-0.0193521
13.1993,13.1426,-0.0168238,-0.0196194
13.2383,13.2065,-0.0190375,-0.0194677
13.199,13.1832,-0.0216385,-0.0195648
13.1627,13.1591,-0.0240936,-0.0203692
13.1741,13.1863,-0.026612,-0.0207728
13.1197,13.1352,-0.0279762,-0.0213202
13.1023,13.1254,-0.0281747,-0.0216442
13.1474,13.0795,-0.0283,-0.0207631
13.0983,13.0547,-0.0289437,-0.0209565
13.0664,13.0199,-0.0290421,-0.0206618
13.0058,12.9689,-0.0294539,-0.0205862
13.0064,12.9843,-0.0288749,-0.021014
12.9958,13.1882,-0.0265553,-0.0226141
13.0222,13.1184,-0.0266393,-0.0217871
12.9634,13.064,-0.0262234,-0.0214246
13.0377,13.1689,-0.0241474,-0.0218475
13.1775,13.2992,-0.0215692,-0.0214336
13.1733,13.317,-0.019827,-0.0215459
13.4264,13.6073,-0.0176914,-0.0224715
13.4722,13.6459,-0.0175449,-0.0231148
13.43,13.6057,-0.0181967,-0.0234413
13.3674,13.5428,-0.0191926,-0.0237005
13.3883,13.4666,-0.0214846,-0.0231114
13.4198,13.5026,-0.02315,-0.0232394
13.3031,13.3872,-0.0249016,-0.0236877
13.2406,13.3271,-0.0263098,-0.023375
13.3087,13.2989,-0.0274209,-0.0216791
13.2444,13.345,-0.0265739,-0.0218609
13.278,13.3803,-0.0256122,-0.0204452
13.3829,13.2905,-0.0251002,-0.0188145
13.3926,13.3052,-0.0245982,-0.018107
13.341,13.2661,-0.0228895,-0.0177552
13.2741,13.2104,-0.0214406,-0.0178244
13.2946,13.2434,-0.0200241,-0.018172
13.2063,13.161,-0.0188721,-0.0191749
13.1918,13.1489,-0.0181579,-0.020292
13.3698,13.3331,-0.0178468,-0.0216911
13.4068,13.4734,-0.0170388,-0.0240939
13.3673,13.4409,-0.0174361,-0.0245813
13.2731,13.3444,-0.0183709,-0.0249261
13.3254,13.3997,-0.019493,-0.0247846
13.263,13.3368,-0.0214754,-0.0248187
13.3006,13.1745,-0.0243732,-0.0233287
13.3354,13.2159,-0.0246553,-0.0223508
13.3419,13.2328,-0.0252562,-0.0223815
13.3219,13.2237,-0.0244152,-0.0216219
13.2546,13.1667,-0.0234739,-0.0207824
13.2505,13.1732,-0.0224186,-0.0195766
13.2329,13.162,-0.0209882,-0.0182822
13.2108,13.2441,-0.0190903,-0.019503
13.2092,13.2459,-0.0173672,-0.0161381
13.1448,13.1865,-0.0166519,-0.0156313
13.1678,13.1092,-0.0176996,-0.0156778
13.1661,13.0153,-0.0187169,-0.0165269
13.1219,12.9801,-0.0195938,-0.0191617
13.1869,12.9551,-0.0210345,-0.0209898
13.0836,12.9631,-0.0214879,-0.0242967
13.0377,13.0264,-0.0216708,-0.0275715
12.9388,13.0312,-0.0214796,-0.0294566
12.9777,12.873,-0.0229992,-0.027995
13.0389,12.8421,-0.0224297,-0.0265174
13.0683,12.878,-0.0218301,-0.0266834
13.2915,12.8206,-0.0222135,-0.0239458
13.2541,12.8967,-0.0204619,-0.0240059
13.1896,12.8342,-0.0191599,-0.0230221
13.1129,12.7945,-0.0178373,-0.0222395
13.1491,12.7467,-0.0177783,-0.0200856
13.1005,12.7178,-0.0173518,-0.0191852
13.0319,12.6675,-0.0174414,-0.018322
13.1569,12.8017,-0.0180371,-0.0167921
13.1128,12.8752,-0.018706,-0.0173984
13.0381,12.8186,-0.0205556,-0.0177712
12.9956,12.7936,-0.0219843,-0.0182941
12.8889,12.7965,-0.0243458,-0.020693
12.8503,12.769,-0.0255438,-0.0216449
12.7792,12.7996,-0.0260576,-0.0231341
12.7185,12.7437,-0.026988,-0.0239121
12.7124,12.735,-0.0261018,-0.0245369
12.6503,12.6847,-0.0264459,-0.0241555
12.8502,12.896,-0.0250902,-0.0232091
12.7684,12.9164,-0.0241722,-0.0227581
12.6928,12.9397,-0.0229012,-0.0215769
12.6364,12.8785,-0.0220404,-0.0204912
12.5476,12.8765,-0.0200266,-0.0201607
12.4945,12.8143,-0.0185332,-0.0187252
12.4668,12.7791,-0.0172918,-0.0176175
12.4944,12.8001,-0.0162044,-0.0168502
12.5219,12.7249,-0.0163565,-0.0149315
12.4897,12.6863,-0.016628,-0.0158639
12.435,12.6261,-0.0173764,-0.0188806
12.3882,12.5713,-0.0193388,-0.0205676
12.3924,12.5971,-0.0217594,-0.0242128
12.365,12.5302,-0.0233061,-0.0252994
12.328,12.4998,-0.0244125,-0.0267798
12.4143,12.579,-0.0250375,-0.0269298
12.3848,12.5494,-0.0246149,-0.0262888
12.2971,12.5533,-0.022547,-0.0267525
12.2142,12.5532,-0.0215687,-0.0269856
12.2322,12.5657,-0.0208943,-0.0267094
12.2369,12.4588,-0.0205648,-0.0251139
12.2114,12.424,-0.0191884,-0.0242561
12.1312,12.4264,-0.0177654,-0.0237784
12.1448,12.4274,-0.0167565,-0.0221043
12.1591,12.4268,-0.0160818,-0.0195715
12.4131,12.5793,-0.0164158,-0.0157532
12.3416,12.493,-0.0171449,-0.0148876
12.4507,12.405,-0.019484,-0.0132348
12.6652,12.5086,-0.0224255,-0.013722
12.6665,12.4219,-0.0241132,-0.0149758
12.6059,12.3717,-0.0247112,-0.0176025
12.6477,12.3302,-0.025348,-0.019277
12.5572,12.256,-0.0255792,-0.0227095
12.6193,12.1438,-0.0260983,-0.0232027
12.7477,12.2787,-0.0249755,-0.024864
12.7849,12.3334,-0.0241276,-0.025682
12.8172,12.3824,-0.0229407,-0.0250892
12.7144,12.3951,-0.0212007,-0.02541
12.7118,12.3153,-0.0205066,-0.0246329
12.7469,12.3592,-0.0183028,-0.0240318
12.7294,12.3577,-0.0172313,-0.0232442
12.668,12.3087,-0.0163017,-0.0227599
12.6454,12.3017,-0.0160946,-0.021136
12.7715,12.4301,-0.0171491,-0.0200406
12.8702,12.4467,-0.0186271,-0.0178461
12.8475,12.4414,-0.018201,-0.0159768
12.9713,12.4773,-0.0220795,-0.0168147
13.1701,12.6699,-0.023543,-0.0168646
13.1064,12.6587,-0.0237385,-0.0172207
13.0761,12.6274,-0.025064,-0.0177059
13.007,12.5786,-0.0255922,-0.0183538
13.0948,12.679,-0.0255917,-0.0190305
13.1886,12.8256,-0.0242974,-0.0204231
13.1318,12.7681,-0.023893,-0.0204834
13.1235,12.7627,-0.0239672,-0.0206355
13.0961,12.769,-0.0231482,-0.0209996
13.0091,12.688,-0.0227206,-0.0208861
12.9353,12.6414,-0.0215467,-0.0209044
12.8981,12.6145,-0.0205387,-0.0205751
12.9167,12.5559,-0.0210672,-0.0193006
12.8214,12.4839,-0.0184853,-0.019361
12.755,12.4366,-0.0172612,-0.0192159
12.6847,12.3865,-0.0162201,-0.0190491
12.6668,12.3788,-0.0162918,-0.0191989
12.5986,12.3388,-0.016568,-0.019712
12.6827,12.5394,-0.0170596,-0.0206701
12.6783,12.5137,-0.0186738,-0.0202938
12.5756,12.4614,-0.0198933,-0.0210336
12.512,12.4159,-0.0212175,-0.0210184
12.5294,12.4489,-0.0227632,-0.0207877
12.5062,12.4421,-0.0234328,-0.0200478
12.445,12.3936,-0.0240228,-0.0194337
12.4408,12.4041,-0.0235978,-0.0183611
12.4277,12.4033,-0.0224712,-0.0173859
12.3924,12.3799,-0.0213797,-0.0166326
12.3721,12.3723,-0.0200937,-0.0161133
12.4323,12.3521,-0.0197904,-0.0151742
12.4485,12.3856,-0.018964,-0.0164164
12.3879,12.3381,-0.0182567,-0.0175633
12.3549,12.2988,-0.0179409,-0.0187265
12.4253,12.4063,-0.0175503,-0.0215761
12.3909,12.382,-0.0176883,-0.0229048
12.3333,12.3315,-0.0183497,-0.02357
12.3681,12.3803,-0.0189201,-0.0247607
12.4118,12.4346,-0.0191596,-0.0245221
12.3798,12.4094,-0.0194,-0.0238742
12.3429,12.4829,-0.0184321,-0.0235714
12.339,12.4796,-0.0186964,-0.0230645
12.358,12.5024,-0.0187336,-0.0223932
12.3612,12.4158,-0.0196512,-0.0209134
12.4154,12.4694,-0.01971,-0.0196801
12.4832,12.4594,-0.0218407,-0.0194008
12.4077,12.5866,-0.0193433,-0.0184805
12.5694,12.768,-0.0192215,-0.0171765
12.5174,12.7087,-0.0196449,-0.0165847
12.5603,12.7566,-0.0208888,-0.0169868
12.5618,12.7632,-0.0216433,-0.0179729
12.5906,12.7931,-0.0222738,-0.0192839
12.5732,12.7769,-0.0224872,-0.0207327
12.7771,12.9857,-0.0220237,-0.0231077
12.81,13.0192,-0.0214573,-0.0241743
13.0513,13.2639,-0.0208115,-0.0250216
13.0145,13.2247,-0.0205928,-0.0257778
12.9538,13.164,-0.0199461,-0.025784
12.8961,13.0973,-0.019155,-0.0249147
12.832,13.0399,-0.018169,-0.0240167
12.8612,13.0648,-0.0173714,-0.0230199
12.7757,12.9742,-0.0169805,-0.0216673
12.7892,12.9872,-0.0153538,-0.0193428
12.6873,12.861,-0.0176714,-0.0177923
12.6258,12.8121,-0.0187098,-0.0178571
12.5448,12.8455,-0.0185392,-0.0192705
12.5436,12.7135,-0.0209964,-0.0165761
12.4897,12.655,-0.0222768,-0.0168573
12.4354,12.5973,-0.0232886,-0.0175946
12.3823,12.5397,-0.0239209,-0.0185815
12.3294,12.4832,-0.0240377,-0.0196463
12.3024,12.4384,-0.0236543,-0.0203885
12.246,12.3914,-0.0224988,-0.0213217
12.2182,12.3623,-0.0219087,-0.021291
12.2472,12.2878,-0.0220033,-0.0211196
12.294,12.2442,-0.021481,-0.0208439
12.2406,12.1933,-0.0206838,-0.0207303
12.2615,12.213,-0.0191869,-0.0203553
12.1759,12.2206,-0.0176996,-0.0201876
12.1485,12.1902,-0.0166595,-0.0193963
12.1479,12.1885,-0.0156057,-0.0182302
12.1145,12.2408,-0.0140039,-0.0179419
12.1693,12.2816,-0.0142953,-0.0173293
12.2534,12.2652,-0.015755,-0.0166143
12.285,12.2031,-0.0173812,-0.0156606
12.2287,12.1542,-0.0185701,-0.0164195
12.1797,12.1022,-0.0200554,-0.0174156
12.186,12.019,-0.0222942,-0.017944
12.1317,11.973,-0.0233477,-0.0193707
12.0687,12.009,-0.0236868,-0.0208498
12.0161,11.963,-0.0238217,-0.0214364
11.9613,11.9128,-0.0232538,-0.0213626
11.97,11.8392,-0.0227396,-0.0199812
11.9443,11.8171,-0.0222801,-0.0188757
11.9416,11.8191,-0.0198037,-0.0177113
11.8113,11.7838,-0.0200955,-0.0181943
11.8677,11.7515,-0.0194718,-0.0165088
11.8532,11.6502,-0.018717,-0.0149297
11.8284,11.6305,-0.0173114,-0.0145594
11.7246,11.6204,-0.0156917,-0.0149959
11.5707,11.7409,-0.0128434,-0.0186069
11.7206,11.8683,-0.0139721,-0.0170865
11.7297,11.8643,-0.0153176,-0.0176954
11.6871,11.8154,-0.0173874,-0.0189384
11.7485,11.8684,-0.0197148,-0.0205395
11.872,11.9941,-0.021676,-0.0212993
11.8291,11.949,-0.0228566,-0.0217977
11.8266,11.9453,-0.0233519,-0.0216787
11.8272,11.946,-0.0235982,-0.0210471
11.84,11.8637,-0.0236898,-0.0196241
11.8344,11.8555,-0.0224454,-0.018958
11.8967,11.9147,-0.0218471,-0.0174368
11.8288,11.8429,-0.0209846,-0.0162697
11.8083,11.8194,-0.0197777,-0.0153342
11.8087,11.8145,-0.0181051,-0.0145968
11.9219,11.832,-0.0171109,-0.0139131
11.8683,11.8541,-0.0156179,-0.0148876
11.824,11.8108,-0.0153919,-0.0162521
11.7393,11.8169,-0.0145331,-0.0180756
11.7097,11.769,-0.0160552,-0.0197132
11.72,11.7981,-0.0173353,-0.0216415
11.6461,11.6957,-0.0191165,-0.0237877
11.6041,11.652,-0.0205401,-0.0246984
11.6415,11.6948,-0.0218701,-0.0252292
11.5763,11.6284,-0.0222738,-0.0245035
11.6216,11.5989,-0.0221946,-0.0237084
11.6538,11.6237,-0.0214877,-0.0217185
11.5415,11.5115,-0.020032,-0.023379
11.5038,11.4665,-0.0194148,-0.0225667
11.4621,11.4289,-0.0179396,-0.0214995
11.4636,11.427,-0.0167894,-0.0200889
11.4254,11.3829,-0.015633,-0.0184037
11.4186,11.4603,-0.0140201,-0.0179429
11.4102,11.4334,-0.0128895,-0.015833
11.4095,11.4287,-0.0147379,-0.0157181
11.3617,11.3872,-0.0158103,-0.0152386
11.3457,11.3672,-0.0170152,-0.0158546
11.3414,11.3354,-0.0198097,-0.0170536
11.3319,11.4109,-0.0215374,-0.0208406
11.427,11.4178,-0.0239951,-0.020007
11.3649,11.359,-0.0245702,-0.0206433
11.3246,11.3227,-0.0242014,-0.0207624
11.273,11.2852,-0.0234509,-0.0202473
11.2493,11.2506,-0.0232017,-0.0193501
11.234,11.2334,-0.022894,-0.0181543
11.2305,11.2255,-0.0221434,-0.0169826
11.2037,11.1976,-0.0211308,-0.0156606
11.1692,11.158,-0.0199152,-0.014813
11.138,11.1232,-0.0183657,-0.0141784
11.1067,11.0869,-0.0167222,-0.0140431
11.0951,11.0703,-0.0152756,-0.0143122
11.1051,11.0763,-0.0133146,-0.0148376
11.0951,11.0578,-0.0144209,-0.016463
11.0417,11.0005,-0.0149055,-0.0179934
11.0137,10.9609,-0.0158558,-0.0193397
10.9716,10.9288,-0.0170735,-0.0207254
10.998,10.9611,-0.0184785,-0.0222334
10.9681,10.9368,-0.0191586,-0.0225767
11.0181,10.994,-0.0168915,-0.0208964
10.9192,10.8986,-0.0203955,-0.0212304
10.8747,10.9399,-0.0196012,-0.0227954
10.8992,10.8782,-0.0197735,-0.0208216
11.0104,10.9709,-0.018651,-0.0189621
10.9772,11.0406,-0.0163575,-0.0184423
10.9702,11.0322,-0.0155927,-0.0169827
10.9431,10.9991,-0.0149015,-0.0155411
10.9357,10.9847,-0.0144509,-0.0143556
10.9071,10.9488,-0.0143562,-0.0135875
10.9027,10.941,-0.0161245,-0.013671
10.8571,10.8818,-0.0154088,-0.014067
10.8869,10.9149,-0.0166176,-0.0154187
10.9172,10.9448,-0.0181232,-0.0169924
10.9093,10.9378,-0.0192574,-0.0184639
10.8761,10.9682,-0.0196012,-0.0192846
10.8191,10.9285,-0.019855,-0.0200595
10.8457,10.8993,-0.0196201,-0.0196226
10.9149,10.8816,-0.0205192,-0.0183884
10.8843,10.9233,-0.0181781,-0.0180657
10.8147,10.8498,-0.0177942,-0.0170391
10.8882,10.9225,-0.0161502,-0.0145011
10.8624,10.8923,-0.0151409,-0.0153449
10.8926,10.8254,-0.0152738,-0.0139996
10.842,10.7805,-0.014429,-0.0141164
10.7439,10.8626,-0.0121174,-0.0151161
10.7491,10.8505,-0.0130449,-0.015364
10.7125,10.7939,-0.0144126,-0.0159238
10.7943,10.8547,-0.0164322,-0.0168138
10.7647,10.8353,-0.0176861,-0.0180459
10.7382,10.8108,-0.0189653,-0.018966
10.7099,10.7855,-0.0198395,-0.0194616
10.7592,10.7524,-0.0218103,-0.0187415
10.7099,10.7071,-0.0202147,-0.0186006
10.6862,10.6833,-0.0192668,-0.0178578
10.6616,10.6602,-0.018279,-0.0168313
10.6374,10.6346,-0.0176052,-0.0159833
10.6768,10.6751,-0.0146527,-0.0147052
10.6582,10.5805,-0.0159221,-0.0139377
10.6418,10.5541,-0.0152045,-0.013583
10.6204,10.531,-0.0145834,-0.0136891
10.5973,10.5102,-0.0143845,-0.0142519
10.6363,10.5472,-0.0146792,-0.0152192
10.5841,10.5774,-0.0146652,-0.0181195
10.6133,10.5255,-0.0160952,-0.0172017
10.569,10.4848,-0.016977,-0.0181888
10.5453,10.4669,-0.0177842,-0.0190078
10.5376,10.4732,-0.0182358,-0.0195148
10.4977,10.4327,-0.018701,-0.0194657
10.4955,10.4369,-0.018653,-0.0190065
10.4524,10.399,-0.0181672,-0.018071
10.4249,10.3861,-0.0171912,-0.0175925
10.4174,10.3538,-0.0166508,-0.0163147
10.411,10.3684,-0.0155058,-0.0153299
10.3916,10.3518,-0.014677,-0.0143193
10.4746,10.4372,-0.0140148,-0.01347
10.5457,10.4255,-0.0141875,-0.0123788
10.5044,10.39,-0.0143639,-0.0128031
10.5518,10.3639,-0.0153898,-0.0128023
10.6313,10.2949,-0.0175,-0.013139
10.6566,10.2547,-0.0188575,-0.0143443
10.6217,10.3154,-0.01914,-0.0164552
10.594,10.3066,-0.0199678,-0.0185474
10.5969,10.2476,-0.0208483,-0.0193074
10.569,10.2411,-0.0203837,-0.0201241
10.5398,10.2332,-0.0194107,-0.0202887
10.5362,10.248,-0.0183803,-0.0198
10.5608,10.2114,-0.0178795,-0.0177965
10.5358,10.2034,-0.0173079,-0.017691
10.599,10.2707,-0.0156632,-0.016607
10.5193,10.2981,-0.0138108,-0.0165992
10.4961,10.289,-0.0129062,-0.0155776
10.4676,10.3475,-0.0118518,-0.0150321
10.4183,10.3856,-0.0113052,-0.0145811
10.3994,10.3729,-0.0122028,-0.0141312
10.4294,10.3328,-0.0143197,-0.0138183
10.4013,10.392,-0.015738,-0.0150553
10.4441,10.442,-0.0177264,-0.0157776
10.3545,10.4378,-0.0198319,-0.0166727
10.359,10.4442,-0.0216512,-0.0169307
10.3633,10.4515,-0.0238966,-0.0173486
10.366,10.4601,-0.0251443,-0.017348
10.3105,10.4031,-0.0258804,-0.0180218
10.3444,10.3616,-0.0252577,-0.0170268
10.4195,10.3614,-0.0256798,-0.0161044
10.4104,10.2803,-0.0265713,-0.0149612
10.392,10.2717,-0.0263457,-0.014727
10.3945,10.2834,-0.0260632,-0.0145752
10.5098,10.4846,-0.0241199,-0.0149246
10.5626,10.4634,-0.0243704,-0.0143092
10.6034,10.5145,-0.0227229,-0.0147585
10.6349,10.4726,-0.0225792,-0.0144178
10.6648,10.4259,-0.0215494,-0.014487
10.7756,10.4769,-0.0202507,-0.0149042
10.7187,10.5223,-0.0176073,-0.016419
10.8156,10.6349,-0.0159179,-0.0181302
11.0508,10.6387,-0.0162369,-0.0171872
11.3065,10.6601,-0.016371,-0.0164031
11.3693,10.6653,-0.0143323,-0.0165026
11.2223,10.7267,-0.0137462,-0.0189767
11.4308,10.8757,-0.0150868,-0.0194275
11.4612,10.9302,-0.0159136,-0.0201732
11.476,10.8942,-0.0175348,-0.0199481
11.6036,11.1243,-0.0186905,-0.0200651
11.791,11.0855,-0.0221814,-0.0179407
11.8977,11.2961,-0.0226656,-0.01608
11.9933,11.3381,-0.0242025,-0.0164816
12.0682,11.1924,-0.0251215,-0.0156828
12.2274,11.3002,-0.0244749,-0.0147279
12.2545,11.4541,-0.0222933,-0.0154226
12.4681,11.5075,-0.0224511,-0.0139364
12.5169,11.5115,-0.021272,-0.0138677
12.5191,11.5051,-0.0202819,-0.0143848
12.5177,11.533,-0.0187066,-0.0160778
12.7401,11.7087,-0.0178531,-0.0181864
12.7232,11.7494,-0.0170544,-0.0196083
12.7931,11.8706,-0.0165384,-0.02152
12.9156,11.855,-0.017716,-0.0211835
12.8448,11.8585,-0.0177619,-0.0224222
12.7769,11.8537,-0.0183984,-0.0214446
12.6996,11.8396,-0.0198055,-0.0230012
12.6436,11.8399,-0.0199815,-0.021833
12.7011,11.9431,-0.0211415,-0.0228121
12.6356,11.9334,-0.0216254,-0.0229482
12.6615,11.9118,-0.0222606,-0.0217939
12.6718,11.9625,-0.0221267,-0.021051
12.6424,12.0013,-0.021249,-0.0202083
12.7287,12.1498,-0.020406,-0.0190927
12.9265,12.3069,-0.0192908,-0.0162964
12.8724,12.3271,-0.01789,-0.015837
12.8642,12.3585,-0.0172965,-0.0153918
12.7547,12.3231,-0.0167297,-0.0157349
12.7382,12.3603,-0.0172272,-0.0172374
12.9295,12.7239,-0.0187608,-0.0221565
12.8696,12.6977,-0.0202235,-0.0236033
12.814,12.6668,-0.0215925,-0.0246528
12.7615,12.6335,-0.0225162,-0.0251539
13.5172,13.4796,-0.0210259,-0.0255422
14.4787,14.6474,-0.0177732,-0.0259338
14.4279,14.6177,-0.0182515,-0.0248905
14.352,14.5622,-0.0189614,-0.0237067
14.2311,14.5716,-0.0193188,-0.0235959
14.1854,14.5462,-0.0199848,-0.0224237
14.1123,14.491,-0.0210359,-0.0213526
14.0658,14.4635,-0.022386,-0.0206288
13.9985,14.4076,-0.0237236,-0.0202436
13.9568,14.381,-0.0243248,-0.0203518
13.8952,14.5452,-0.0247786,-0.0229996
13.7968,14.5472,-0.0253385,-0.024023
13.8138,14.5625,-0.0248642,-0.024251
13.8097,14.5416,-0.0245504,-0.0240146
13.846,14.5844,-0.0240236,-0.0242011
14.1518,14.8057,-0.0228912,-0.0234267
14.2709,14.9333,-0.0224059,-0.0235284
14.4009,15.0717,-0.021029,-0.0228461
14.4458,15.1306,-0.0197433,-0.0225924
14.7979,15.3954,-0.020079,-0.0229633
14.9931,15.4795,-0.0213281,-0.0230408
15.213,15.7028,-0.0218766,-0.0251559
15.2798,15.7717,-0.0219529,-0.0260854
15.6856,15.9388,-0.0241463,-0.0261006
15.6167,15.7594,-0.0234859,-0.0270763
15.4984,15.6498,-0.0232921,-0.0284763
15.9783,9.4729,-0.0680097,0.0165662
15.7206,9.63762,-0.0592842,0.0335568
15.4886,9.84841,-0.0503438,0.0433824
15.2272,10.0223,-0.0423713,0.0433414
14.9883,10.1702,-0.0302917,0.0403879
13.7698,10.1446,-0.0200998,0.0119018
13.5803,10.2546,-0.0138034,0.00343871
13.5084,10.3196,-0.0133175,-0.00880136
13.4612,10.4256,-0.0166031,-0.0236927
13.4276,10.517,-0.0224992,-0.0383098
13.3061,10.5551,-0.0292192,-0.0503226
13.2053,10.5766,-0.0368758,-0.0576784
13.2695,10.6032,-0.0446967,-0.0613109
13.1956,10.6027,-0.049554,-0.0585581
13.0814,10.6759,-0.0488826,-0.0626282
13.0029,10.7657,-0.048925,-0.0660886
12.9926,10.9365,-0.0502347,-0.0711329
12.9437,10.995,-0.0518428,-0.075833
13.0869,11.0364,-0.0551262,-0.0765528
12.9852,11.0572,-0.0563471,-0.0830647
12.9098,11.0985,-0.0578394,-0.0885105
12.9406,11.3569,-0.0554104,-0.0939848
12.8494,11.409,-0.0579464,-0.100335
12.9554,11.5714,-0.0564981,-0.104603
12.95,11.7005,-0.0556621,-0.108181
12.967,11.9203,-0.0497208,-0.115912
12.8844,11.9594,-0.050962,-0.119558
12.7716,11.9529,-0.0473195,-0.123394
12.8102,12.102,-0.0441311,-0.129072
12.6514,12.1933,-0.0403671,-0.132664
12.6628,12.2121,-0.0357921,-0.134046
12.5205,12.2607,-0.030762,-0.136529
12.4309,12.3127,-0.0256723,-0.137481
12.5006,12.5373,-0.0195085,-0.135808
12.3206,12.6179,-0.0149778,-0.138835
12.1777,12.6672,-0.0132067,-0.136572
12.0578,12.8389,-0.0129463,-0.136753
11.9721,12.9155,-0.0150052,-0.133312
12.0001,13.0896,-0.0194741,-0.13092
11.8868,13.0612,-0.0236305,-0.128913
11.9033,13.0757,-0.0288521,-0.123427
11.9682,13.0193,-0.0331037,-0.116581
12.0177,13.0358,-0.0342552,-0.114812
12.0573,12.96,-0.0334373,-0.108106
12.0368,12.7954,-0.0333354,-0.0984528
11.9691,12.7759,-0.0340254,-0.0965248
11.9145,12.7447,-0.0350239,-0.0897772
11.8492,12.7255,-0.0351462,-0.0833102
11.8637,12.8117,-0.0341532,-0.0778115
11.8646,12.6965,-0.0337995,-0.064552
11.8828,12.8269,-0.0291149,-0.0552378
11.7639,12.8639,-0.0268905,-0.0469904
11.7239,12.9584,-0.0240114,-0.0377735
11.6881,13.2233,-0.0174745,-0.0282098
11.5464,13.3699,-0.0140098,-0.0190577
11.3174,13.5453,-0.00963914,-0.0141279
11.0687,13.7313,-0.00778729,-0.0106288
10.853,13.8852,-0.00778672,-0.00943139
10.801,14.0303,-0.00874591,-0.00935127
10.7186,14.0882,-0.0108652,-0.0119592
10.8493,14.1508,-0.0142366,-0.0175979
11.0179,13.9995,-0.0166175,-0.0202428
11.2691,13.7771,-0.0197855,-0.0237543
11.5864,13.3755,-0.0218793,-0.0233219
11.9875,13.0145,-0.021818,-0.0221713
12.2223,12.764,-0.0229484,-0.0248676
12.7198,12.5478,-0.0240782,-0.0195781
13.1373,12.2563,-0.0267836,-0.015402
13.3785,11.8865,-0.0313802,-0.0153166
13.5457,11.6647,-0.0359896,-0.0180253
13.7759,11.5268,-0.0391755,-0.0195973
13.9858,11.4131,-0.0444173,-0.022179
14.1978,11.3952,-0.0477392,-0.0245286
14.2235,11.2504,-0.0526179,-0.0297875
14.4661,11.2986,-0.0578077,-0.0329448
14.5898,11.34,-0.0625946,-0.0391909
14.5321,11.2688,-0.0660329,-0.0463037
14.4926,11.2259,-0.0690997,-0.0524557
14.4295,11.2068,-0.0727154,-0.0601856
14.3676,11.1834,-0.0752621,-0.0669122
14.2817,11.1839,-0.0784679,-0.0755348
14.259,11.1458,-0.0806725,-0.0811675
14.2145,11.224,-0.0826764,-0.0913592
14.227,11.4075,-0.0861597,-0.103994
14.2127,11.5381,-0.0872268,-0.112449
14.1599,11.6637,-0.0888627,-0.121172
14.1368,11.6695,-0.0891304,-0.12792
14.0714,11.7816,-0.0886827,-0.138163
13.9894,12.1773,-0.0872113,-0.152387
13.8856,12.3319,-0.084268,-0.165139
13.6622,12.4314,-0.0812232,-0.174219
13.4807,12.476,-0.077514,-0.180763
10.5201,14.6648,0.00737454,-0.177534
10.7811,14.3114,-0.0170067,-0.14826
10.9239,14.0702,-0.0385182,-0.143118
11.1581,13.746,-0.0570466,-0.139046
11.4858,13.4071,-0.0734611,-0.134547
11.8797,12.9435,-0.0802117,-0.129752
12.2644,12.5312,-0.082886,-0.125307
12.5044,12.3088,-0.0939993,-0.122173
12.7731,12.0813,-0.10386,-0.119335
12.9388,11.7878,-0.117763,-0.118621
13.1841,11.6032,-0.127674,-0.114798
13.2969,11.4534,-0.138978,-0.116361
13.394,11.3219,-0.150272,-0.116154
13.4424,11.1661,-0.162332,-0.118265
13.5687,11.1623,-0.174277,-0.118076
13.7005,11.2709,-0.186595,-0.12178
13.6479,11.2395,-0.199807,-0.124846
13.6871,11.3246,-0.21426,-0.12896
13.7779,11.4077,-0.225706,-0.132321
13.7987,11.3701,-0.237007,-0.132964
13.8941,11.4728,-0.250695,-0.133758
13.8093,11.4533,-0.258649,-0.139038
13.745,11.4162,-0.271898,-0.13846
13.8219,11.4142,-0.281241,-0.136891
13.7003,11.3952,-0.292482,-0.135462
13.66,11.3494,-0.302539,-0.134718
13.6376,11.3567,-0.311515,-0.132943
13.5773,11.348,-0.323125,-0.131044
13.5352,11.3307,-0.333079,-0.128589
13.5237,11.3328,-0.341475,-0.123705
13.515,11.3708,-0.354406,-0.119848
13.5365,11.3784,-0.363178,-0.11591
13.4957,11.3115,-0.372705,-0.107269
13.5333,11.3023,-0.382058,-0.100107
13.5869,11.3156,-0.389725,-0.0919445
13.5739,11.2939,-0.398024,-0.0827461
13.5785,11.1865,-0.397112,-0.0716424
13.7074,11.1169,-0.402956,-0.0576387
13.7948,11.1357,-0.406813,-0.046278
13.9688,11.1578,-0.404152,-0.0327944
14.0863,10.898,-0.41711,-0.015529
14.1025,10.8605,-0.40563,-0.0109313
14.1921,10.632,-0.412805,-0.003368
14.2577,10.4775,-0.418405,-0.00347445
14.2119,10.4818,-0.413299,-0.01304
14.1313,10.5248,-0.414983,-0.0249058
13.9593,10.6749,-0.411869,-0.0380389
13.6162,10.9611,-0.392633,-0.0503613
13.2736,11.2572,-0.381237,-0.0584356
12.9007,11.616,-0.365515,-0.0640825
12.5081,11.982,-0.349192,-0.0623234
12.1158,12.3445,-0.3248,-0.05925
11.9634,12.4594,-0.315733,-0.0603356
11.7596,12.6303,-0.298447,-0.0598967
11.6822,12.6816,-0.292018,-0.0581749
11.5808,12.761,-0.278223,-0.056208
11.5009,12.8402,-0.264795,-0.0538511
11.4808,12.8575,-0.253661,-0.0487965
11.4859,12.8718,-0.243507,-0.0443249
11.5448,12.8325,-0.234901,-0.0358905
11.5645,12.8795,-0.219581,-0.0266188
11.6745,12.8315,-0.213602,-0.0180439
11.7986,12.7688,-0.20376,-0.00581474
11.9503,12.7087,-0.196,0.00646087
12.0816,12.7517,-0.189304,0.0175173
12.2643,12.6727,-0.182278,0.0287386
12.4114,12.6962,-0.174449,0.0393044
12.5594,12.753,-0.167358,0.0495186
12.7083,12.8453,-0.160501,0.0593126
12.8141,13.0169,-0.152328,0.0663488
12.907,13.2462,-0.135885,0.0740569
13.0323,13.541,-0.12577,0.0799683
13.4022,13.5536,-0.109696,0.0811959
13.7352,13.7965,-0.0798598,0.0769363
14.7241,13.3627,-0.0503812,0.0632962
16.2224,12.4312,-0.012942,0.044552
17.9899,11.3624,0.297369,-0.258405
18.2084,11.9226,0.303803,-0.241412
16.3602,13.7973,0.349028,-0.321935
14.6496,16.0245,0.367671,-0.307124
12.952,18.417,0.376175,-0.285118
-4.455,33.5558,0.79917,-0.222341
23.4507,5.97498,0.272906,0.398625
24.1778,6.4147,0.26377,0.407757
24.1573,7.59549,0.252914,0.453529
7.56346,21.6003,0.524621,0.412232
4.11937,24.9377,0.338515,0.358384
5.86532,22.6069,0.29021,0.234019
19.8755,8.3278,0.416326,0.0521414
35.0352,-6.29159,0.529162,-0.168339
314.037,-285.179,3.74617,-3.21922
6.68541,18.6427,-0.207819,-0.216408
23.246,2.17585,-0.0255018,-0.832748
6.26763,15.2599,0.544447,-0.480122
6.7075,14.9519,0.491258,-0.536678
6.69519,15.2585,0.515371,-0.543285
6.48853,15.7263,0.5703,-0.548293
6.14424,16.2587,0.601809,-0.573543
5.70982,16.9171,0.64108,-0.591679
5.14163,17.6799,0.694855,-0.607248
30.451,-7.35126,0.106542,0.0110697
34.2372,-10.0499,0.0212854,-0.00124594
36.5444,-11.0154,-0.105835,0.0851418
38.3064,-11.5357,-0.258528,0.166629
31.107,-6.65979,-0.243262,-0.107897
31.0957,-5.96927,-0.278113,-0.081642
28.8555,-2.24514,-0.311303,-0.157989
28.4552,-1.44862,-0.309023,-0.180377
28.5933,-1.14615,-0.310934,-0.174239
28.9379,-1.02739,-0.317596,-0.169544
29.1515,-0.88188,-0.320378,-0.154217
29.236,-0.769805,-0.323017,-0.148662
23.519,2.23265,-0.200251,-0.087729
24.0921,2.03737,-0.189953,-0.0862184
24.0795,2.01219,-0.152891,-0.0683475
24.2348,2.23074,-0.100125,-0.0356129
24.3351,2.27149,-0.0704167,-0.0272938
24.5057,2.34853,-0.0259379,-0.00582112
24.8593,2.20849,0.0144748,0.0189721
25.8729,1.59053,0.0831451,0.0526372
27.2981,0.46521,0.148406,0.0810116
30.0635,-1.88046,0.23747,0.109077
34.7114,-6.4125,0.354387,0.0880552
43.6816,-15.1436,0.542159,0.0348363
64.6554,-35.9674,0.970419,-0.148201
30.0698,-2.7302,0.44638,0.387883
11.512,14.8142,0.0982911,0.615423
6.23598,21.0037,-0.0186469,0.73595
21.7772,5.2864,0.207066,0.54482
20.9367,6.22246,0.196214,0.534196
19.6723,7.36004,0.179456,0.556458
23.7078,3.25068,0.238658,0.498044
24.4316,2.54364,0.255956,0.515477
24.5364,2.48371,0.232795,0.501333
24.9366,2.27898,0.264892,0.555879
25.7508,1.57484,0.270067,0.561352
28.7776,-1.32353,0.308411,0.535973
21.3665,6.56636,0.203147,0.651773
31.2092,-3.02381,0.314868,0.592509
39.0398,-10.7912,0.417852,0.502774
32.9105,-4.70245,0.358347,0.567094
36.9163,-8.68929,0.423801,0.511065
-16.9826,45.1732,-0.140187,1.09964
19.5449,7.29165,0.369855,0.499
10.6939,15.9935,0.281699,0.623358
14.977,11.8469,0.349914,0.577071
25.2351,1.69087,0.426467,0.440381
24.8368,1.98011,0.444939,0.458989
21.1952,5.55676,0.409619,0.501036
18.7837,8.01021,0.38285,0.531431
16.991,9.79083,0.349773,0.552356
16.3823,10.4855,0.341238,0.558145
15.2066,11.5846,0.330318,0.571323
15.6555,11.195,0.33413,0.566666
17.3058,9.58205,0.340968,0.544472
14.8918,11.9502,0.317775,0.576708
17.4362,9.40937,0.355321,0.547086
17.7731,9.12345,0.3487,0.539161
12.2712,14.5639,0.281855,0.605395
14.1546,12.7678,0.302732,0.586312
19.0459,7.90752,0.354479,0.525312
19.4182,7.48912,0.3722,0.524036
19.1052,7.89861,0.343104,0.51934
13.6923,13.2507,0.261904,0.549823
16.5047,10.532,0.315386,0.555118
15.0842,11.854,0.302446,0.574653
15.6577,11.3068,0.312749,0.569408
20.0482,7.01357,0.343323,0.500104
21.3238,5.70554,0.37649,0.501637
20.1368,6.84518,0.363827,0.513763
16.2014,10.7596,0.31499,0.562859
22.5141,4.53656,0.366008,0.483155
29.663,-2.64864,0.471087,0.396608
20.1279,6.88488,0.361717,0.517539
17.7554,9.27227,0.327299,0.541156
15.6175,11.5162,0.281649,0.563901
20.3842,6.69772,0.350007,0.513677
25.3402,1.74986,0.391801,0.421342
19.9776,7.11628,0.346258,0.517292
28.4621,-1.30936,0.43193,0.414098
42.5338,-15.3045,0.585499,0.230183
38.9746,-11.9354,0.546071,0.308164
35.6576,-8.59668,0.498263,0.358607
27.5888,-0.556079,0.394446,0.45605
19.0893,8.2143,0.30124,0.558888
8.28163,18.9457,0.198788,0.661344
16.5146,10.6111,0.285757,0.558667
19.298,7.92273,0.309178,0.522915
15.5234,11.6576,0.272349,0.571655
16.2358,10.9249,0.284999,0.563944
23.7032,3.47376,0.372981,0.475295
33.8712,-6.58582,0.482324,0.346801
26.2555,0.939583,0.397287,0.439192
30.4365,-3.21842,0.448427,0.388042
26.7596,0.412778,0.397089,0.437695
12.6845,14.5459,0.235799,0.605728
13.847,13.3854,0.247033,0.590755
24.267,3.19319,0.345396,0.465032
26.6007,0.668377,0.391302,0.442606
16.7114,10.5774,0.273819,0.558917
19.9869,7.28942,0.307472,0.518282
26.6423,0.682519,0.389392,0.434672
22.53,4.75226,0.338797,0.489182
24.4919,2.78302,0.360461,0.465533
20.9251,6.37537,0.312151,0.50753
20.0069,7.29313,0.306852,0.519566
21.2293,6.25693,0.30321,0.490371
21.3809,5.96102,0.320032,0.502199
15.5064,11.8816,0.226307,0.56567
21.6188,5.90315,0.273408,0.469652
19.2009,8.24673,0.244373,0.521168
15.5784,11.8915,0.233291,0.5674
19.8238,7.56603,0.273865,0.476108
23.4854,3.96512,0.333222,0.481878
12.8012,14.6864,0.208803,0.60387
35.5274,-7.95487,0.455609,0.335893
33.4491,-5.98587,0.434312,0.353038
38.0402,-10.6297,0.495977,0.303639
29.4958,-2.10431,0.390248,0.405255
15.9133,11.558,0.207497,0.580334
22.2117,5.35212,0.308582,0.494164
25.9508,1.7564,0.316676,0.44322
23.7312,3.74372,0.31481,0.47591
21.9442,5.59101,0.297926,0.495133
18.3088,9.26333,0.242081,0.536689
20.5466,6.94524,0.281894,0.51337
24.0002,3.51315,0.311663,0.475053
17.0192,10.5368,0.234585,0.55508
13.9452,13.598,0.195468,0.590663
17.1415,10.4023,0.205306,0.507399
28.6088,-0.934976,0.359158,0.424267
17.6937,9.95186,0.212446,0.541403
26.8199,1.01381,0.32093,0.425428
36.8698,-9.11732,0.435884,0.299304
28.6729,-1.07978,0.353312,0.42227
22.2272,5.43967,0.28647,0.492795
19.1908,8.47992,0.229095,0.524081
14.6556,12.9775,0.183678,0.583888
18.7576,8.90125,0.241594,0.536446
19.7689,7.94086,0.238587,0.522796
21.3811,6.3314,0.252379,0.50237
19.4749,8.23268,0.238397,0.528307
21.9324,5.77484,0.265842,0.49898
24.147,3.59432,0.282681,0.467861
19.4339,8.25305,0.241713,0.531729
20.7262,6.94367,0.250641,0.513281
25.0939,2.65081,0.305731,0.462699
20.4067,7.30013,0.238314,0.517688
26.2399,1.52857,0.313374,0.445629
27.8752,-0.0933926,0.324566,0.420062
19.6593,8.11282,0.22356,0.525823
21.3035,6.42007,0.220905,0.499956
35.3818,-7.57794,0.406409,0.336197
45.1004,-17.0243,0.495772,0.205579
56.3189,-28.7555,0.646455,0.0977681
33.2015,-5.77785,0.310433,0.388399
13.7397,13.7683,0.0376085,0.668643
-17.7401,45.8495,-0.411296,1.12878
58.4749,-30.5754,1.22421,-0.615463
141.164,-113.623,1.71588,-0.885967
-46.6316,71.5609,-0.649666,1.29815
36.1423,-11.0733,0.284639,0.414381
-49.7172,76.0904,-0.90536,1.50482
48.5684,-21.5676,0.100792,0.49699
18.24,10.0517,0.706707,0.105732
16.8719,12.6605,0.642034,0.176149
7.77391,19.9687,0.513674,-0.0194951
32.9094,-5.03496,-0.123348,0.601386
31.1683,-3.17042,-0.141923,0.548889
30.0679,-1.88566,-0.148096,0.552385
28.8839,-0.583571,-0.148565,0.574509
28.0025,0.469274,-0.140171,0.591704
26.629,1.99968,-0.134372,0.602904
24.6036,4.15504,-0.135037,0.611156
21.1896,7.70603,-0.147969,0.646747
-12.8118,41.842,0.413496,0.108195
-2407.67,2436.36,-27.843,28.8198
-16.4059,-18.6092,-2.31622,2.52192
28.2997,-65.5312,-2.55298,0.483617
25.4494,-64.8618,-3.41947,1.88938
19.3348,-54.0152,1.06673,2.64309
109.71,-143.254,-0.585194,-0.878009
58.156,-95.3205,-2.00278,-0.147702
49.9209,-89.7212,-1.19974,0.61421
77.8933,-116.193,-3.30544,2.54727
36.8424,-73.8242,-2.89784,1.01335
26.7183,-63.0898,-3.05053,0.176164
71.3816,-109.452,-5.02236,2.18834
94.8913,-135.267,-2.48161,5.45838
31.0597,-73.9086,1.68608,1.21779
98.7276,-138.424,0.137776,1.61847
139.568,-173.727,-1.69499,2.43044
56.5538,-94.1578,0.898073,-0.735759
12.1882,-49.9449,-1.6331,-1.86352
-19.2991,-16.6012,-1.95458,-2.35224
-40.4108,1.40585,-2.0255,-3.4252
-45.8928,6.1034,5.4306,-1.87911
114.761,-149.983,0.793583,0.843161
111.11,-146.333,-2.14114,2.57131
24.6303,-64.5696,1.83547,-0.813849
9.11288,-50.3678,-1.27267,-2.39881
-3.98619,-35.564,-3.21693,-1.32761
55.2038,-95.9659,-6.25537,3.16494
14.6988,-54.093,1.14199,4.57359
98.608,-133.314,3.01225,2.03343
103.679,-140.999,-1.79385,1.33218
125.285,-167.108,-5.74276,2.84398
44.1247,-84.035,-5.42406,1.02909
13.726,-53.1915,-4.95952,2.87496
-14.7294,-23.0491,-0.556039,5.62733
158.701,-192.893,-1.08343,0.550714
58.3793,-98.6264,1.73388,0.4047
27.165,-67.2414,-4.54773,-0.506027
83.2975,-122.371,-7.09014,5.91395
51.9917,-89.8982,-1.01504,6.29347
49.5827,-81.9247,-0.640784,5.34303
55.5886,-90.7351,3.39095,-1.54979
-49.2179,12.8426,2.36906,-4.76631
-114.113,74.9227,2.41257,-6.51063
114.163,-153.409,-0.289793,7.43264
58.4308,-95.9929,-2.09052,5.28084
-47.6181,13.4147,-4.01115,-0.0726636
-107.652,73.5349,-3.69645,-1.75264
241.513,-274.628,0.916166,-2.3165
77.3268,-115.668,2.58665,-0.0629851
-27.2668,-11.5126,3.21225,-3.63495
23.1578,-62.4511,0.578227,-2.48073
44.9443,-83.7465,1.76056,-2.12511
18.1417,-59.0087,3.65858,-1.9607
903.234,-944.478,-40.1161,41.9785
141.41,-150.021,-6.98324,2.40367
-93.7479,76.5244,9.56608,-0.930821
303.525,-318.401,-15.3059,13.6974
-202.848,184.495,15.1687,-6.52953
607.136,-627.712,-28.6692,30.0203
-137.935,131.064,9.44027,-11.2805
-166.489,156.317,12.7177,-4.32862
247.487,-252.861,-12.7518,8.56527
-224.284,209.728,15.3947,-7.34097
129.885,-145.373,-9.22372,3.41226
-393.081,376.495,22.3883,-19.7593
27.6196,-33.4187,2.75585,6.77683
56.41,-60.9444,-5.55777,-0.71709
-160.821,155.166,8.50513,-9.65487
-55.6648,49.1825,9.31491,0.170303
159.064,-162.924,-7.56915,10.1305
187.908,-187.693,-9.43577,5.44394
-101.665,97.8205,10.7662,-5.82716
-722.951,718.137,38.5317,-33.3458
128.167,-147.188,-8.21353,3.50195
141.774,-160.485,-8.50315,9.06693
46.2104,-68.3225,2.05508,7.47402
-44.3176,30.2913,-1.0911,8.78392
184.113,-204.644,0.577426,-3.16138
157.95,-182.306,2.16034,-2.68747
119.198,-144.946,4.62862,0.426555
31.2163,-60.345,3.95761,-3.20266
-375.962,341.732,-5.29287,7.60149
88.6655,-119.767,-2.18801,8.85045
-28.6043,-1.41283,1.73156,8.45573
-49.5593,18.1265,-4.29812,5.19324
91.7038,-112.99,6.59366,7.01156
139.805,-168.78,2.29896,-0.555844
91.3452,-127.266,-0.979208,-2.19666
-135.49,98.9868,1.4789,10.7103
-199.729,163.889,2.72518,8.47898
-77.9172,38.7469,-4.84392,5.67285
-53.8679,23.1019,3.97124,8.15168
217.157,-257.966,4.79308,-0.716503
153.489,-194.452,1.74651,-3.45863
182.089,-217.238,7.51882,3.79055
1365.37,-1402.03,15.7471,-16.174
119.617,-161.733,0.888637,14.5492
189.065,-241.488,2.57309,1.0992
-46.8739,0.604119,9.13108,-4.09072
-34.1887,-24.953,-6.44222,6.16499
185.55,-228.654,-3.08112,13.0098
-10.5177,-33.6865,2.41656,9.96985
314.525,-349.6,-11.1288,16.1707
-6.90046,-43.2398,10.4918,1.47801
179.421,-229.293,-9.0639,4.25963
-136.712,87.4189,5.58896,-9.06727
131.234,-180.358,1.32183,10.3021
119.996,-165.527,9.44317,-0.0428271
-5.30644,-41.86,-1.28323,-3.8296
28.4682,-82.6569,11.4896,3.93754
334.407,-370.496,-12.9091,21.2423
-57.0579,4.60032,13.4281,-2.89212
131.306,-182.372,-7.99505,1.33178
77.6878,-137.577,8.50007,10.0198
436.694,-480.226,-19.8714,17.5307
-66.8839,6.58635,13.6807,-3.86463
206.226,-262.322,-12.3705,6.48382
96.206,-159.95,4.54173,17.8381
111.554,-176.653,-6.11597,-2.18644
213.131,-283.291,4.4718,14.4227
-353.075,282.956,21.7252,-18.4852
580.079,-647.313,-17.516,36.3734
-172.909,97.5269,5.38658,-12.0388
180.877,-244.633,-6.99566,16.6548
-15.5784,-54.7827,11.2927,-1.38923
179.788,-249.468,-12.3576,8.17873
61.8398,-138.753,5.30328,15.3725
131.688,-207.304,-5.75484,2.07554
-238.3,156.302,21.0985,-14.1858
437.419,-508.083,-18.305,26.5853
26.9957,-107.805,2.9693,16.1307
90.2454,-176.966,-2.59942,-2.46776
-356.826,266.625,29.8611,-13.3434
409.724,-494.722,-19.9942,23.334
452.739,-537.374,-20.7339,34.1649
-79.2923,-24.8924,10.0347,-7.03379
594.65,-696.213,-27.2078,31.0546
258.963,-366.215,-8.41413,30.2306
-173.88,52.1212,9.28062,-10.5641
223.225,-335.797,-11.6456,17.3607
-212.469,87.2741,18.7536,3.27078
-109.376,-24.8513,1.20879,-8.46749
67.5338,-201.726,3.22073,17.804
47.2335,-180.03,-3.44419,-1.03998
-344.51,204.704,25.3568,-11.5426
439.884,-577.488,-23.6387,27.219
114.642,-246.76,-2.01508,21.4198
-71.91,-71.7601,5.80178,-4.21259
798.093,-937.031,-36.6802,43.6108
-1207.26,1062.51,54.6516,-56.1119
-785.01,616.395,31.8949,-35.2811
-1961.75,1801.01,-22.3536,26.7553
-32.6829,-142.983,-6.50726,-0.277626
445.546,-587.999,10.2776,11.3847
378.004,-527.807,13.2815,12.4892
-223.124,64.0331,-2.53928,14.3377
42.8441,-204.343,2.79445,-1.13189
-135.598,-20.3186,9.19193,16.8082
-86.0707,-73.3348,-3.63388,13.929
461.657,-612.848,7.88281,0.917877
21.1996,-184.037,3.84323,-1.17539
-16.8303,-150.079,10.4978,0.548991
-68.5436,-100.186,4.56827,-1.49997
-197.855,21.8995,19.5525,5.54148
45.3128,-215.157,-2.61603,16.2985
948.517,-1114.31,-36.3134,55.5611
-653.109,485.234,35.0572,-20.6555
-205.18,34.603,11.0237,-5.7304
89.6538,-259.761,-2.63208,18.1492
980.627,-1149.04,-37.0954,57.6369
-764.762,581.6,32.4753,-29.7792
-1738.14,1546.25,88.2051,-63.2272
-487.631,265.218,-3.2478,9.91959
193.245,-421.884,13.6628,2.8435
-126.252,-98.4345,-2.49886,18.4711
490.329,-716.316,10.9781,2.92665
239.359,-460.377,10.0594,1.15993
119.986,-351.583,6.15502,1.59035
-83.9291,-140.579,0.539037,16.8292
-134.582,-86.5861,4.12945,16.8748
-219.028,-0.891372,-1.20077,11.3358
553.964,-774.465,15.2366,1.16634
30.6583,-253.599,8.44718,4.80301
-340.811,106.42,16.4149,-8.53448
12.7987,-248.142,5.87691,19.6232
349.871,-582.938,9.67616,4.34207
-94.0967,-133.049,9.12098,2.60906
-768.914,532.914,46.9465,-18.726
71.2802,-303.692,2.07263,18.5784
22.0463,-253.537,12.4656,4.18861
-307.212,61.4238,12.8396,-4.20101
135.004,-376.534,4.15216,21.222
487.355,-719.829,9.51004,2.15059
-120.29,-121.911,8.79357,2.28447
68.8876,-308.642,1.6668,18.6426
-45.0774,-188.735,0.928868,4.49054
130.766,-368.138,8.52886,7.29601
120.706,-360.429,-7.46309,17.8344
108.41,-344.735,6.78581,22.198
38.4887,-284.916,2.75131,6.74266
72.8458,-312.414,9.9362,5.76629
174.768,-420.617,2.9051,22.6843
-101.33,-136.584,3.35824,21.7969
-86.1409,-147.491,7.56253,23.8869
180.568,-420.673,11.0507,11.2741
304.559,-551.495,8.11865,8.88619
1313.15,-1582.65,28.4813,-6.13849
51.1167,-285.88,-1.3509,17.4486
99.7739,-331.65,11.9571,9.79334
174.446,-414.165,10.5695,11.4094
-78.8964,-164.298,17.8594,6.25608
-149.468,-97.2512,6.80126,1.52297
136.747,-382.206,5.97711,25.9354
273.674,-508.865,-4.02356,26.1821
-136.541,-117.85,22.0129,11.8024
-90.2587,-164.506,10.2423,3.56435
217.707,-479.15,6.72175,27.0879
404.631,-659.187,-9.92741,33.1336
-149.226,-126.803,21.6472,4.7653
80.9628,-359.438,-5.01701,13.9869
233.989,-503.765,-2.67799,19.4558
-23.6257,-261.592,18.5011,6.62701
283.159,-561.189,-9.34947,27.9601
2718.44,-2999.4,-116.58,150.592
137.271,-437.319,20.4195,18.9018
369.649,-665.786,9.28366,37.4052
208.813,-518.253,14.9126,22.0558
219.047,-521.725,8.51477,35.4049
217.381,-522.986,12.7295,10.4775
-317.316,23.6272,39.9598,12.0778
167.157,-483.139,14.7937,10.6027
249.307,-555.409,-5.47832,26.9937
563.358,-865.982,-4.47467,55.5057
210.608,-535.717,17.8841,18.4321
264.473,-592.921,6.76185,42.3597
52.901,-382.398,24.567,13.2465
79.3243,-403.535,-3.59227,32.9988
-337.278,12.4605,41.6056,12.7734
271.869,-603.126,17.656,16.8822
1279.8,-1611.92,-46.8876,76.1006
-1173.4,840.471,72.2088,-48.915
-374.672,-1.16465,38.5565,-11.0627
291.434,-642.72,-7.09598,30.4403
171.055,-531.436,9.50392,12.3282
522.039,-896.262,-19.4005,33.615
199.598,-572.715,8.14788,40.4072
151.176,-529.558,19.1915,15.0108
-287.911,-87.2128,12.9377,-6.82108
431.075,-784.062,-6.87561,44.5006
-261.936,-109.76,33.9363,1.77372
451.951,-834.966,3.0196,49.119
20.8808,-394.614,32.1377,35.4082
352.785,-728.688,-6.98592,37.9154
280.427,-669.942,-5.64997,24.1223
672.28,-1079.1,-13.9182,59.4744
156.576,-577.575,7.69125,13.2921
724.934,-1159.12,-27.46,44.1239
1181.7,-1587.09,-45.5442,78.0868
-583.581,155.183,48.2076,-12.0503
276.241,-699.021,-3.18473,43.7544
-406.186,-27.7493,41.0979,0.502062
461.579,-912.573,7.70934,46.8052
292.716,-738.049,-6.4088,42.7976
71.1213,-515.845,-3.71666,32.44
544.583,-990.511,27.2468,28.8877
297.439,-737.801,22.6309,21.9965
426.388,-883.081,13.9546,19.4892
-232.096,-215.835,7.37159,35.0103
-252.152,-182.821,13.9193,37.9358
151.4,-601.02,17.9197,18.5428
292.961,-739.632,24.6209,27.4519
-607.08,167.364,2.14574,33.9646
-391.757,-37.2116,11.4456,34.1903
223.19,-650.091,20.3213,24.802
111.286,-554.572,12.8203,22.7071
-156.614,-276.483,9.98058,33.8235
-130.072,-299.874,15.3953,33.6171
-217.825,-213.369,9.88444,29.3535
-222.281,-207.47,12.5642,27.1654
214.456,-643.827,19.9311,26.0737
78.6101,-510.247,16.8308,26.8505
-145.885,-298.001,23.0318,20.9224
-47.7665,-406.724,11.4057,27.6623
-84.6897,-369.001,14.2012,33.4911
-212.895,-230.598,16.1399,34.8208
97.0882,-546.786,16.2478,26.7927
-203.735,-263.333,30.0431,18.0772
17.214,-483.045,10.3143,30.7761
-136.814,-328.906,20.3905,22.01
102.009,-583.116,3.59083,36.0243
41.0453,-514.076,13.8617,38.2655
-32.6319,-441.263,24.2957,27.9319
-42.3894,-441.214,9.89529,33.6648
-253.294,-215.84,16.172,34.2093
205.465,-673.329,16.4133,25.9693
2629.5,-3114.02,-110.912,158.473
-757.339,333.449,51.8633,-15.0134
-181.721,-259.277,29.9794,31.447
260.05,-694.806,1.10452,40.4847
353.494,-785.911,7.6725,51.284
295.009,-734.855,1.20523,47.2893
-1157.85,705.614,75.9979,-16.5803
-323.15,-145.207,36.2941,21.4647
-19.072,-458.283,16.1651,27.8125
264.276,-741.675,7.64717,51.0969
-454.397,-27.1162,36.4144,8.21197
-140.278,-352.487,32.4363,31.87
-1659.65,1166.48,93.8531,-44.5846
-126.74,-357.974,28.6553,26.7291
-34.4546,-452.132,24.5424,30.0697
38.7313,-528.738,22.3533,31.291
93.286,-579.925,21.7302,33.2857
77.2171,-562.857,20.9542,34.5353
12.7269,-498.507,21.438,34.5095
-50.2638,-439.181,21.7939,33.2811
-112.715,-388.063,20.7188,30.9294
-45.4231,-459.655,16.3568,36.2971
-88.2467,-412.289,17.2062,35.7679
-39.0415,-461.229,17.3107,33.0953
-21.3912,-484.089,16.7106,33.5048
-9.5082,-494.516,17.2497,33.5129
-2.47227,-503.267,18.2437,32.8328
25.4627,-529.594,15.5393,34.9116
194.88,-689.787,24.9686,34.3907
-100.198,-411.596,27.3798,37.8026
-90.0083,-416.94,18.252,34.47
-130.966,-376.466,20.3635,37.6378
-254.697,-267.648,29.3235,30.9938
-286.936,-219.736,19.0577,40.7464
0.234797,-514.176,18.6149,33.0858
-20.607,-495.067,28.9922,35.9622
-62.6372,-459.904,16.5241,37.2762
-207.366,-314.525,26.4091,31.9412
-36.2525,-489.241,18.3184,32.9022
-71.5909,-456.349,15.7621,39.1141
-204.698,-329.303,27.5982,32.7038
-121.255,-423.278,35.9214,35.8266
-490.596,-47.228,21.7748,42.2076
226.667,-774.395,19.9267,31.1301
-22.4025,-539.294,30.1901,35.0103
-175.815,-382.431,21.614,49.9832
-683.731,133.185,50.6366,12.5443
286.394,-830.479,8.44296,62.5655
-119.528,-444.222,28.2531,53.2308
-320.917,-236.751,33.7914,29.619
28.4443,-596.035,20.7767,58.9336
29.5924,-602.415,30.6238,35.2641
-60.3402,-521.949,35.9396,56.963
-465.921,-102.373,43.8724,31.4474
-103.338,-470.757,21.707,32.1715
-352.503,-233.873,23.9842,51.3873
-150.378,-423.345,36.0274,30.5861
-697.357,115.882,21.8614,50.375
-15.7136,-566.022,17.1494,36.6012
-315.29,-279.545,39.0606,34.6643
-133.502,-440.697,23.7414,52.5978
-75.6739,-515.118,34.9878,42.3591
-106.13,-490.939,12.8378,47.8367
-56.8818,-552.671,34.4545,38.829
-173.54,-446.714,22.5475,40.2001
-172.067,-427.812,40.2228,40.7532
-270.311,-353.467,21.0301,51.4283
-121.571,-483.336,35.9939,47.6482
-114.539,-508.044,20.0767,47.1412
-110.86,-498.74,38.3079,50.2611
-36.5437,-580.244,23.6562,40.5954
-315.239,-309.479,25.4773,53.9478
-143.662,-460.093,34.8489,37.1332
-236.829,-401.457,23.4387,53.0369
-153.732,-460.776,37.2884,52.9952
-232.105,-389.662,31.4363,39.4198
-240.529,-404.447,23.2139,51.695
-139.899,-487.093,39.3597,56.2524
-97.4604,-551.835,18.1641,48.3768
5.43432,-658.412,28.9175,61.4968
2.63794,-635.129,31.3047,43.1296
-261.962,-394.947,28.8616,56.3467
-115.337,-521.711,38.9667,43.1866
-252.811,-414.173,25.8297,55.7751
-171.987,-475.699,37.3354,52.2293
-226.197,-442.097,30.11,46.2417
-115.58,-534.427,42.6267,58.9287
-11.5961,-640.056,26.2559,42.8997
-327.183,-340.213,30.0557,62.461
-106.101,-541.12,35.6866,42.9266
-208.505,-473.832,29.0978,62.5456
-36.3743,-622.595,41.1695,52.8964
-197.183,-479.92,29.7394,43.475
-72.6693,-595.259,38.2857,65.6208
-70.6132,-586.46,38.4793,43.0533
-170.752,-513.053,22.9397,58.9503
-183.16,-482.163,47.1014,50.3849
-52.3362,-628.347,21.5824,53.2405
-318.073,-359.764,25.8479,60.4294
-131.018,-534.083,44.477,47.1071
-422.788,-266.5,23.8001,57.5862
-573.372,-117.808,34.8717,62.304
-189.321,-488.312,33.3902,48.4703
-259.3,-432.073,29.2095,59.2245
-708.119,23.3826,66.2506,31.7262
-332.311,-361.053,37.5168,56.0611
-209.353,-477.857,31.9248,61.6979
-24.5753,-656.374,39.3039,52.2206
-175.255,-507.144,39.5728,52.8756
14.5056,-692.371,38.4319,72.7005
121.496,-790.137,36.3349,52.157
-249.854,-446.764,29.685,65.2597
20.5462,-693.806,49.9433,54.4536
-582.668,-116.473,26.2696,65.5788
-296.312,-410.738,41.9079,69.0763
-374.341,-321.663,55.5387,41.1664
-119.222,-577.928,28.0834,62.5548
-73.9615,-623.863,45.642,54.9811
-28.2893,-682.585,31.0159,65.0193
-21.9866,-679.891,49.7628,67.0563
-371.952,-335.439,41.0854,75.4439
-255.088,-477.592,39.7664,74.947
67.5388,-773.909,47.8193,60.0717
-27.8391,-704.786,33.2361,56.8977
121.664,-838.465,39.2158,81.6934
464.595,-1174.69,56.4542,66.8956
-30.3257,-705.23,26.8872,69.0703
150.046,-870.98,35.399,82.3275
239.604,-947.563,51.7804,66.3879
-142.487,-581.755,48.2568,52.4292
-442.326,-289.372,28.2384,73.9818
-294.207,-456.12,41.7159,80.5094
148.076,-875.864,44.2728,59.4837
65.4745,-813.407,42.8185,58.0425
155.409,-898.869,33.0504,89.3861
336.26,-1064.2,52.5781,78.9742
56.6587,-800.204,33.1713,57.6284
247.65,-994.031,30.1313,90.5965
260.647,-1004.57,54.5294,76.331
178.87,-898.756,48.3345,58.9719
-929.288,179.656,22.2629,84.5943
-315.283,-438.031,29.9436,75.7874
455.448,-1177.22,55.2517,68.825
1692.61,-2424.17,67.1747,60.1834
-353.542,-385.401,32.161,85.1184
655.143,-1359.01,52.4686,79.8664
554.002,-1267.68,57.9667,72.065
107.915,-837.838,30.9722,66.5398
134.75,-852.65,39.3553,95.9939
373.573,-1081.03,56.5563,80.3723
257.09,-963.823,57.4188,80.7504
287.206,-1025.15,39.6859,68.8705
156.018,-890.392,42.8377,62.8333
164.55,-894.815,49.2949,65.9123
93.1941,-847.102,52.8628,65.8241
-490.844,-260.135,40.4032,92.2113
3158.77,-3888.55,77.6485,49.4569
111.179,-841.705,61.7408,82.9883
100.969,-843.406,55.7068,68.074
-515.685,-248.968,39.7946,78.1269
-66.2744,-696.235,40.2519,72.8723
22.9355,-771.858,47.9975,97.1321
295.024,-1033.43,63.3466,94.0134
-100.734,-633.244,60.2526,74.2124
-645.16,-110.932,37.7071,88.9696
-97.6535,-650.367,41.7896,74.7645
-44.4125,-685.731,63.6837,91.8212
32.2455,-765.061,59.2625,91.3974
4.72116,-753.748,43.2001,73.0436
-130.987,-620.81,30.4465,89.4939
55.2193,-794.81,48.5978,100.767
365.632,-1101.41,64.7426,85.6927
121.423,-852.216,63.4172,77.516
-1014.83,244.354,37.7118,96.6381
-137.579,-635.256,59.567,70.8446
-36.137,-745.032,37.959,96.5707
-346.906,-440.811,45.0694,95.7031
414.71,-1190.69,58.2758,80.7998
64.9858,-852.58,48.9204,105.645
460.563,-1247.44,69.3727,94.8803
-64.1624,-723.183,66.983,80.6133
-812.612,21.9321,48.9005,102.686
-35.8567,-761.963,52.8137,73.2434
7.98733,-799.791,56.9498,75.3982
818.669,-1585.45,32.1636,138.276
-47.8594,-733.532,58.5,99.2351
-635.281,-173.88,43.8583,102.93
504.179,-1302.11,57.4777,82.4152
221.967,-999.38,65.1195,85.1109
67.019,-851.946,44.3674,85.8366
7.15247,-778.915,64.74,99.9865
529.258,-1320.33,58.2524,82.5328
434.869,-1192.89,71.3317,90.5614
-165.497,-631.282,49.5175,88.205
180.939,-968.471,44.2574,85.1254
185.305,-967.297,43.2973,113.066
235.422,-1020.19,75.1456,104.244
415.29,-1178.22,70.332,85.6233
-109.337,-653.898,61.3571,101.285
-140.013,-636.253,67.4326,109.012
-61.6985,-730.232,54.6526,87.2074
198.384,-981.938,56.4494,85.2705
40.3405,-818.894,54.3229,112.701
105.517,-877.744,47.414,112.732
339.374,-1102.32,70.4817,97.3912
926.277,-1682.14,81.2507,93.9373
-1849.23,1062.03,34.5015,122.344
208.273,-994.716,52.4936,88.1285
-32.6298,-744.258,57.7415,116.945
11.3677,-783.084,61.4598,122.732
12.2817,-794.534,75.0935,89.7636
-258.195,-522.435,42.7461,101.456
-705.55,-94.9897,50.3239,109.046
105.247,-889.587,61.7262,90.9775
-253.753,-526.332,60.0994,117.18
9.17025,-786.104,59.2742,122.426
14.4695,-801.805,78.8874,96.3668
588.684,-1372.27,57.7249,87.5527
-210.499,-601.426,56.6932,104.617
169.513,-965.522,67.7374,96.5602
786.954,-1570.97,80.7601,98.2866
-116.361,-648.756,62.5274,110.438
-112.556,-672.426,62.8153,116.171
-133.791,-659.955,76.7044,83.7504
153.559,-936.992,59.2602,100.229
20.5118,-793.829,61.3833,113.943
232.751,-1010.94,74.1014,105.442
496.662,-1296.85,62.8592,99.5189
114.61,-908.552,54.6174,118.215
406.87,-1182.33,75.977,112.895
71.6385,-853.466,65.1893,126.298
485.999,-1259.66,75.7259,108.303
382.103,-1182.08,76.409,102.997
-9.28456,-793.589,56.4148,115.842
1127.83,-1924.29,83.2036,104.306
-419.485,-355.942,70.0445,117.909
244.875,-1042.31,75.7122,129.981
224.64,-1031.99,79.1407,103.694
-169.8,-646.945,55.6031,115.968
307.769,-1118.01,79.0754,102.398
-339.359,-458.724,38.0498,109.686
295.958,-1116.83,54.7144,129.012
39.4102,-848.926,63.6589,138.892
140.884,-948.33,84.5017,113.637
667.371,-1476.47,85.1788,110.722
212.898,-1023.89,51.4596,123.378
163.3,-975.848,73.044,95.8736
-196.541,-600.843,102.458,103.713
392.985,-1213.01,52.9666,131.928
237.445,-1046.68,59.6838,134.328
-218.709,-629.292,85.62,78.3276
1439.72,-2261.09,71.6566,102.74
29.3148,-876.258,61.2089,118.977
516.982,-1346.25,76.7049,111.682
-72.811,-746.172,77.6975,127.249
336.705,-1145.33,82.9739,135.053
84.8592,-913.016,93.0154,114.265
-172.507,-645.255,70.3465,137.803
-238.817,-581.993,75.7228,140.517
46.394,-865.464,86.4357,112.966
