0
0.015
0.027
0.039
0.051
0.063
0.075
0.087
0.099
0.111
0.12
0.135
0.147
0.158
0.171
0.183
0.194
0.206
0.219
0.231
0.242
0.255
0.267
0.279
0.291
0.302
0.315
0.326
0.339
0.351
0.363
0.375
0.387
0.398
0.411
0.423
0.434
0.446
0.459
0.47
0.483
0.495
0.507
0.518
0.53
0.542
0.555
0.566
0.579
0.59
0.602
0.615
0.626
0.639
0.651
0.662
0.675
0.687
0.698
0.71
0.722
0.735
0.746
0.759
0.77
0.783
0.794
0.806
0.815
0.831
0.842
0.854
0.866
0.878
0.89
0.903
0.915
0.927
0.939
0.951
0.961
0.974
0.986
0.998
1.01
1.022
1.035
1.047
1.059
1.071
1.083
1.095
1.107
1.119
1.13
1.143
1.154
1.167
1.179
1.191
1.202
1.214
1.226
1.239
1.251
1.263
1.275
1.287
1.299
1.311
1.322
1.334
1.346
1.358
1.371
1.382
1.394
1.407
1.418
1.43
1.443
1.454
1.466
1.479
1.491
1.502
1.514
1.526
1.538
1.55
1.562
1.575
1.587
1.598
1.61
1.623
1.635
1.647
1.659
1.67
1.683
1.694
1.707
1.718
1.731
1.743
1.755
1.766
1.779
1.79
1.802
1.814
1.826
1.838
1.85
1.862
1.874
1.886
1.899
1.91
1.922
1.934
1.946
1.958
1.97
1.982
1.994
2.007
2.018
2.031
2.043
2.054
2.066
2.079
2.091
2.103
2.114
2.126
2.139
2.151
2.163
2.175
2.187
2.199
2.211
2.223
2.234
2.247
2.259
2.271
2.283
2.294
2.307
2.319
2.331
2.342
2.354
2.366
2.379
2.39
2.403
2.414
2.426
2.439
2.45
2.463
2.475
2.486
2.499
2.511
2.523
2.534
2.546
2.559
2.571
2.583
2.595
2.607
2.619
2.63
2.642
2.654
2.667
2.678
2.69
2.703
2.715
2.727
2.739
2.751
2.763
2.775
2.787
2.799
2.811
2.823
2.835
2.847
2.859
2.871
2.883
2.895
2.907
2.919
2.931
2.943
2.955
2.967
2.978
2.991
3.003
3.015
3.027
3.039
3.051
3.062
3.075
3.087
3.098
3.11
3.122
3.134
3.147
3.158
3.171
3.183
3.195
3.207
3.219
3.231
3.243
3.254
3.267
3.279
3.291
3.303
3.315
3.326
3.339
3.351
3.363
3.375
3.387
3.399
3.411
3.423
3.435
3.447
3.459
3.471
3.483
3.494
3.507
3.519
3.531
3.543
3.555
3.567
3.579
3.591
3.603
3.615
3.627
3.639
3.651
3.663
3.674
3.686
3.699
3.711
3.723
3.735
3.746
3.759
3.771
3.783
3.795
3.807
3.819
3.83
3.843
3.854
3.866
3.878
3.89
3.903
3.915
3.927
3.939
3.951
3.963
3.975
3.987
3.999
4.011
4.023
4.035
4.047
4.059
4.071
4.083
4.095
4.107
4.119
4.131
4.143
4.155
4.167
4.179
4.191
4.203
4.215
4.227
4.239
4.251
4.263
4.275
4.287
4.299
4.311
4.323
4.335
4.347
4.359
4.371
4.383
4.395
4.407
4.419
4.431
4.443
4.455
4.467
4.479
4.491
4.503
4.515
4.527
4.539
4.551
4.563
4.575
4.587
4.599
4.611
4.623
4.635
4.647
4.659
4.671
4.683
4.695
4.707
4.719
4.731
4.743
4.755
4.767
4.779
4.791
4.803
4.815
4.827
4.839
4.851
4.863
4.875
4.887
4.899
4.911
4.923
4.935
4.947
4.959
4.971
4.983
4.994
5.007
5.019
5.031
5.043
5.055
5.067
5.079
5.091
5.103
5.115
5.127
5.139
5.151
5.163
5.175
5.187
5.199
5.211
5.223
5.235
5.247
5.259
5.271
5.283
5.295
5.307
5.319
5.331
5.343
5.355
5.367
5.379
5.391
5.403
5.415
5.427
5.439
5.451
5.463
5.475
5.487
5.499
5.511
5.523
5.535
5.547
5.559
5.571
5.583
5.595
5.607
5.619
5.631
5.643
5.655
5.667
5.679
5.691
5.703
5.715
5.727
5.739
5.751
5.763
5.775
5.787
5.799
5.811
5.823
5.835
5.847
5.858
5.87
5.882
5.894
5.906
5.919
5.93
5.943
5.955
5.967
5.978
5.99
6.003
6.014
6.026
6.038
6.051
6.063
6.074
6.086
6.098
6.111
6.122
6.135
6.147
6.159
6.17
6.183
6.195
6.207
6.219
6.23
6.242
6.254
6.266
6.279
6.29
6.302
6.314
6.326
6.338
6.35
6.363
6.374
6.386
6.399
6.411
6.422
6.434
6.445
6.459
6.471
6.483
6.495
6.507
6.519
6.531
6.543
6.555
6.566
6.577
6.591
6.603
6.614
6.627
6.639
6.651
6.663
6.675
6.687
6.698
6.711
6.723
6.735
6.747
6.759
6.771
6.783
6.795
6.807
6.819
6.831
6.843
6.855
6.867
6.879
6.891
6.903
6.915
6.926
6.939
6.951
6.962
6.975
6.987
6.999
7.011
7.023
7.035
7.046
7.059
7.071
7.083
7.094
7.107
7.119
7.131
7.143
7.155
7.167
7.179
7.191
7.203
7.214
7.227
7.239
7.25
7.263
7.275
7.285
7.299
7.311
7.323
7.335
7.347
7.359
7.371
7.383
7.395
7.407
7.419
7.431
7.443
7.455
7.467
7.478
7.49
7.503
7.515
7.527
7.539
7.55
7.563
7.575
7.587
7.599
7.611
7.623
7.635
7.647
7.659
7.671
7.683
7.695
7.707
7.719
7.731
7.743
7.755
7.767
7.779
7.791
7.803
7.815
7.827
7.839
7.85
7.862
7.875
7.887
7.899
7.911
7.923
7.935
7.947
7.959
7.971
7.983
7.995
8.007
8.019
8.031
8.043
8.055
8.067
8.079
8.091
8.103
8.115
8.127
8.139
8.151
8.163
8.175
8.187
8.199
8.211
8.223
8.235
8.247
8.259
8.271
8.283
8.295
8.307
8.319
8.331
8.343
8.355
8.367
8.379
8.391
8.403
8.415
8.427
8.439
8.451
8.463
8.475
8.487
8.499
8.511
8.523
8.535
8.546
8.558
8.57
8.582
8.594
8.607
8.619
8.63
8.643
8.654
8.667
8.679
8.691
8.703
8.715
8.727
8.738
8.751
8.763
8.775
8.787
8.799
8.811
8.823
8.835
8.847
8.859
8.871
8.883
8.895
8.907
8.919
8.931
8.943
8.954
8.967
8.978
8.991
9.003
9.015
9.027
9.039
9.051
9.063
9.075
9.086
9.098
9.11
9.122
9.135
9.143
9.159
9.171
9.182
9.195
9.207
9.219
9.23
9.243
9.255
9.267
9.279
9.291
9.302
9.314
9.327
9.339
9.351
9.363
9.375
9.387
9.399
9.411
9.423
9.435
9.447
9.459
9.471
9.483
9.495
9.507
9.519
9.53
9.543
9.555
9.567
9.579
9.591
9.603
9.615
9.626
9.639
9.651
9.663
9.674
9.686
9.698
9.71
9.722
9.735
9.747
9.759
9.771
9.783
9.795
9.807
9.819
9.831
9.842
9.855
9.866
9.879
9.891
9.903
9.915
9.927
9.939
9.951
9.963
9.975
9.987
9.999
10.011
10.023
10.035
10.047
10.059
10.071
10.083
10.095
10.107
10.119
10.131
10.143
10.155
10.167
10.178
10.191
10.202
10.214
10.227
10.239
10.251
10.263
10.275
10.287
10.299
10.311
10.323
10.335
10.347
10.359
10.371
10.383
10.395
10.407
10.419
10.431
10.443
10.455
10.467
10.479
10.491
10.503
10.514
10.527
10.539
10.551
10.563
10.575
10.587
10.598
10.611
10.623
10.635
10.646
10.659
10.671
10.683
10.694
10.707
10.719
10.731
10.743
10.755
10.766
10.779
10.791
10.803
10.815
10.827
10.839
10.851
10.863
10.875
10.887
10.899
10.911
10.923
10.935
10.947
10.959
10.971
10.983
10.995
11.007
11.019
11.031
11.043
11.055
11.066
11.079
11.091
11.103
11.115
11.127
11.139
11.151
11.163
