11.3005,11.3063,1.37069e-05,1.34967e-05
11.02,10.8214,-0.0213902,-0.0132458
11.0281,10.8343,-0.0236468,-0.0166965
11.0101,10.8286,-0.0247044,-0.0197799
10.9708,10.8009,-0.0277415,-0.021934
10.9537,10.7954,-0.0308589,-0.0228596
10.9584,10.8112,-0.0327677,-0.0245131
10.9418,10.8052,-0.0349179,-0.0268115
10.925,10.7995,-0.0373692,-0.028923
10.9083,10.7931,-0.0391114,-0.0308072
10.8929,10.7876,-0.040659,-0.0325496
10.8771,10.7818,-0.0426165,-0.0345912
10.8619,10.776,-0.0437521,-0.0359249
10.8465,10.7705,-0.0453467,-0.0370461
10.8319,10.7646,-0.0460387,-0.0385601
10.8166,10.7597,-0.0472085,-0.0392194
10.8023,10.754,-0.0474327,-0.0403345
10.7598,10.7981,-0.046934,-0.0408021
10.7971,10.762,-0.0478167,-0.0408883
10.7625,10.7341,-0.046951,-0.0409696
10.7703,10.7495,-0.0460626,-0.0401943
10.7557,10.7442,-0.0452576,-0.0395719
10.721,10.7165,-0.043768,-0.0382909
10.7093,10.7091,-0.0410947,-0.0371151
10.6955,10.704,-0.0390437,-0.0345937
10.703,10.7198,-0.0366688,-0.0317716
10.6419,10.7397,-0.0327977,-0.0290948
10.6603,10.6801,-0.0292802,-0.0250787
10.6207,10.7212,-0.0244047,-0.0214574
10.6394,10.6609,-0.0204786,-0.017026
10.628,10.6519,-0.0164943,-0.0139571
10.6164,10.6433,-0.0137269,-0.0121545
10.6047,10.635,-0.0124926,-0.0118455
10.5931,10.6274,-0.0128601,-0.0130533
10.5527,10.6695,-0.014081,-0.0158527
10.5722,10.6122,-0.0176025,-0.0188672
10.5604,10.6078,-0.0208808,-0.0225631
10.5468,10.6055,-0.0239041,-0.02591
10.536,10.6019,-0.0261209,-0.0282269
10.5245,10.5986,-0.0269871,-0.0290767
10.5056,10.5989,-0.0263241,-0.0284842
10.5529,10.5593,-0.0240984,-0.0263874
10.542,10.5531,-0.023474,-0.026455
10.5307,10.547,-0.0225042,-0.0260788
10.5197,10.5406,-0.0215555,-0.0260353
10.51,10.5326,-0.0202428,-0.0254422
10.5029,10.5207,-0.019025,-0.0241865
10.4898,10.52,-0.0173324,-0.0232424
10.4804,10.5135,-0.0152215,-0.021648
10.4717,10.5068,-0.0130349,-0.020037
10.4641,10.4996,-0.0112364,-0.0177521
10.457,10.4928,-0.0100074,-0.0153458
10.4499,10.4867,-0.00946983,-0.0130043
10.4423,10.482,-0.00971807,-0.0113161
10.4336,10.479,-0.0107547,-0.0104792
10.424,10.4774,-0.0124655,-0.0105544
10.4135,10.4766,-0.014629,-0.0114603
10.4026,10.476,-0.016942,-0.0129869
10.3913,10.4743,-0.0190527,-0.0148031
10.3816,10.4726,-0.0206431,-0.0166448
10.3724,10.4691,-0.0214153,-0.0180916
10.3643,10.4643,-0.0212003,-0.0188966
10.3575,10.4583,-0.0203119,-0.0188889
10.353,10.4512,-0.0207042,-0.0181188
10.3485,10.4445,-0.0206645,-0.0169457
10.3433,10.4395,-0.0208515,-0.0161468
10.3346,10.4343,-0.020197,-0.0156139
10.3319,10.4318,-0.0200708,-0.0144646
10.3263,10.4289,-0.0191056,-0.0132726
10.3206,10.4266,-0.0181753,-0.0122437
10.315,10.4247,-0.0172699,-0.0115075
10.3095,10.4231,-0.0158654,-0.0111924
10.3048,10.4209,-0.014382,-0.0113105
10.3018,10.4172,-0.013227,-0.0118588
10.3007,10.4117,-0.0124994,-0.0127906
10.3015,10.4042,-0.0123233,-0.0141228
10.3051,10.3929,-0.0123064,-0.0156281
10.3079,10.3829,-0.0129116,-0.0171797
10.3308,10.3926,-0.0150887,-0.0198642
10.3151,10.3574,-0.0145369,-0.0193905
10.3187,10.3455,-0.0153779,-0.0198688
10.3213,10.3338,-0.0157751,-0.0198235
10.3226,10.3233,-0.0161469,-0.0191114
10.3213,10.3157,-0.0162848,-0.0189507
10.3189,10.3094,-0.0162876,-0.0187419
10.3156,10.304,-0.0161675,-0.0184651
10.3111,10.299,-0.0159246,-0.0181223
10.3074,10.2953,-0.0156907,-0.0174866
10.3029,10.2914,-0.0154132,-0.0165501
10.2979,10.2883,-0.0151403,-0.0156441
10.2661,10.332,-0.0143017,-0.0150618
10.2898,10.28,-0.0150198,-0.0135729
10.284,10.2778,-0.0151331,-0.0130352
10.2984,10.2959,-0.0154693,-0.0127772
10.2708,10.2742,-0.01586,-0.0133032
10.2646,10.2722,-0.0164547,-0.0140526
10.2589,10.2693,-0.0171183,-0.0151082
10.2736,10.2866,-0.0177222,-0.0160551
10.2207,10.3095,-0.0174727,-0.0178538
10.2191,10.3019,-0.0178219,-0.018635
10.2459,10.2455,-0.0185381,-0.0187096
10.2432,10.2393,-0.0181423,-0.0189204
10.2108,10.2835,-0.0167402,-0.0191587
10.2378,10.2274,-0.0168555,-0.0181011
10.2342,10.2229,-0.0158594,-0.0172684
10.2308,10.2182,-0.0149,-0.0163586
10.2247,10.2152,-0.0140044,-0.0154823
10.2236,10.2094,-0.0135943,-0.0147226
10.2203,10.205,-0.0134858,-0.0142766
10.2167,10.2009,-0.0137995,-0.0141975
10.2131,10.1969,-0.0145031,-0.0144804
10.2094,10.193,-0.0155634,-0.0151287
10.2057,10.1892,-0.0168167,-0.0160094
10.202,10.1856,-0.0180836,-0.0169746
10.1985,10.182,-0.0191801,-0.01786
10.1952,10.1785,-0.0198964,-0.0184717
10.1921,10.1752,-0.0201913,-0.0187742
10.1891,10.1719,-0.019975,-0.018677
10.1856,10.168,-0.0192451,-0.018168
10.1834,10.1655,-0.0181588,-0.0173877
10.1817,10.1605,-0.0174628,-0.0163257
10.1772,10.1589,-0.0161094,-0.0153552
10.1748,10.1566,-0.0148994,-0.014493
10.1721,10.1536,-0.0139162,-0.0138806
10.1692,10.1508,-0.0133266,-0.0136494
10.1664,10.148,-0.013229,-0.0138637
10.1636,10.1453,-0.0136459,-0.0145154
10.1605,10.1432,-0.0145033,-0.0155118
10.1577,10.1411,-0.0156947,-0.0167209
10.155,10.1391,-0.017027,-0.0179536
10.1525,10.1375,-0.0183287,-0.0190489
10.1502,10.136,-0.0193356,-0.0197675
10.1481,10.1347,-0.0199407,-0.0200297
10.1463,10.1333,-0.0199988,-0.0197315
10.1447,10.1319,-0.019485,-0.0188889
10.1432,10.1301,-0.0184604,-0.0179073
10.1417,10.1284,-0.0171339,-0.0168538
10.1402,10.1265,-0.0161269,-0.0158225
10.1387,10.1246,-0.0148309,-0.0145875
10.1371,10.1226,-0.0137404,-0.0136023
10.1329,10.1162,-0.0128568,-0.012802
10.1335,10.1186,-0.0128709,-0.0130214
10.132,10.1171,-0.0132651,-0.0135465
10.1304,10.1155,-0.0141536,-0.0145216
10.1288,10.1141,-0.0154226,-0.0158213
10.1273,10.1129,-0.0168776,-0.0172472
10.126,10.112,-0.0182912,-0.018573
10.1249,10.1113,-0.019431,-0.0195799
10.1239,10.1108,-0.0201001,-0.0200916
10.1231,10.1104,-0.0201696,-0.0200045
10.1223,10.11,-0.0196014,-0.0193066
10.1215,10.1095,-0.0184579,-0.0180827
10.1206,10.1086,-0.0176021,-0.0172514
10.1196,10.1078,-0.0164719,-0.0164378
10.1182,10.1074,-0.0150433,-0.0151497
10.1171,10.1064,-0.0141013,-0.0140492
10.116,10.1055,-0.0132185,-0.0132515
10.1342,10.1253,-0.0125478,-0.0126663
10.1327,10.124,-0.0128748,-0.0130685
10.1314,10.1225,-0.0133721,-0.0135999
10.1301,10.1213,-0.0144861,-0.0146968
10.1093,10.0997,-0.0162022,-0.0163512
10.1083,10.0995,-0.0176503,-0.0177157
10.1077,10.0993,-0.0189377,-0.0188785
10.1076,10.0987,-0.0198074,-0.0195997
10.0796,10.1463,-0.0195467,-0.0200511
10.1089,10.0963,-0.0199183,-0.0193094
10.1086,10.096,-0.0189912,-0.0183245
10.108,10.096,-0.0178693,-0.0172313
10.1073,10.0958,-0.0169794,-0.016122
10.1066,10.0955,-0.0158023,-0.0150808
10.1059,10.0952,-0.0144293,-0.0139002
10.1051,10.0949,-0.0132771,-0.0129906
10.1044,10.0945,-0.0125335,-0.0125089
10.1037,10.0942,-0.0123037,-0.0125304
10.103,10.0939,-0.0126757,-0.0131076
10.1023,10.0938,-0.0135754,-0.0141449
10.1017,10.0938,-0.0148761,-0.0154946
10.1011,10.0938,-0.0163651,-0.0169409
10.097,10.0963,-0.0177719,-0.0183572
10.0994,10.0952,-0.0189678,-0.0192268
10.0992,10.0956,-0.0196681,-0.0196983
10.0987,10.0961,-0.0197561,-0.0195701
10.0983,10.0967,-0.0191839,-0.018812
10.098,10.0971,-0.018046,-0.0175422
10.0977,10.0973,-0.0171969,-0.0167744
10.0972,10.0977,-0.016062,-0.016066
10.0967,10.0982,-0.0149614,-0.0150459
10.0965,10.0984,-0.013798,-0.0139324
10.0963,10.0985,-0.012934,-0.0132245
10.0915,10.092,-0.012198,-0.0124061
10.1015,10.0889,-0.0126724,-0.0126098
10.0939,10.1005,-0.0131043,-0.0138502
10.0954,10.1003,-0.014289,-0.014897
10.0956,10.1006,-0.015632,-0.0161563
10.0956,10.101,-0.0170239,-0.0174201
10.0956,10.1015,-0.0182485,-0.0184796
10.0956,10.102,-0.0191002,-0.0191388
10.0963,10.102,-0.0194021,-0.0192454
10.0956,10.1035,-0.0191452,-0.0188674
10.0957,10.1041,-0.0183386,-0.0179563
10.093,10.1024,-0.0172526,-0.0168249
10.0958,10.1052,-0.0162853,-0.0158815
10.0962,10.1059,-0.0149271,-0.0145731
10.0964,10.1066,-0.0139946,-0.0137205
10.0968,10.1072,-0.0130917,-0.0129262
10.0972,10.1078,-0.0125809,-0.0125439
10.1033,10.0988,-0.0126412,-0.0122109
10.0989,10.1082,-0.0130639,-0.0133311
10.0982,10.1104,-0.0139763,-0.0144282
10.0987,10.1111,-0.0152208,-0.0157307
10.0694,10.161,-0.0158852,-0.0174046
10.0728,10.1592,-0.0172485,-0.0184047
10.075,10.158,-0.0183248,-0.0190852
10.097,10.1774,-0.0189559,-0.0189448
10.0988,10.1763,-0.0190361,-0.0185932
10.1005,10.1752,-0.0185591,-0.0177719
10.1021,10.1741,-0.0175969,-0.0165714
10.1037,10.1733,-0.0166508,-0.0158817
10.1054,10.1724,-0.0153754,-0.0146466
10.104,10.1667,-0.0148191,-0.0137376
10.1084,10.1709,-0.0139242,-0.0131153
10.1121,10.1676,-0.0133824,-0.0126646
10.1122,10.1699,-0.0131612,-0.0128812
10.1139,10.1696,-0.0134008,-0.013422
10.1163,10.1684,-0.0140329,-0.0143145
10.1373,10.1888,-0.0149273,-0.0152815
10.1186,10.1677,-0.0160515,-0.0168926
10.1202,10.1672,-0.017134,-0.018144
10.141,10.1877,-0.0177101,-0.0188324
10.1228,10.1661,-0.0185378,-0.0196286
10.1437,10.1866,-0.0186207,-0.0193267
10.1254,10.165,-0.018198,-0.0190651
10.127,10.1647,-0.0173353,-0.0179751
10.1478,10.1855,-0.0161716,-0.0169488
10.1303,10.1633,-0.0152901,-0.0164847
10.1312,10.1639,-0.0142834,-0.0152907
10.1337,10.1624,-0.0134764,-0.0141301
10.1368,10.1598,-0.0130061,-0.0133258
10.1363,10.1636,-0.0128506,-0.0128795
10.1377,10.164,-0.0132369,-0.0134882
10.1379,10.165,-0.0140353,-0.0140418
10.1406,10.1644,-0.0152396,-0.0150019
10.1419,10.1648,-0.0165243,-0.0161596
10.1432,10.1654,-0.0177415,-0.0172772
10.1446,10.1657,-0.0186721,-0.0181687
10.146,10.1659,-0.0192742,-0.0188106
10.1471,10.1666,-0.0193761,-0.019004
10.148,10.1673,-0.0189155,-0.0186958
10.1688,10.1886,-0.0176832,-0.0176406
10.15,10.168,-0.0170064,-0.016785
10.1515,10.1682,-0.016006,-0.0155064
10.1527,10.1689,-0.0150272,-0.0145905
10.1541,10.1694,-0.0139889,-0.0136215
10.1562,10.1693,-0.0132248,-0.0129214
10.1571,10.1705,-0.0129269,-0.0127576
10.1585,10.1711,-0.0130791,-0.0130281
10.1601,10.1716,-0.01374,-0.0137864
10.1616,10.172,-0.0147529,-0.0149236
10.1629,10.1725,-0.0159961,-0.0162678
10.1642,10.1731,-0.0172621,-0.0176135
10.1654,10.1737,-0.0183413,-0.018738
10.1663,10.1748,-0.0190575,-0.0194786
10.1673,10.1756,-0.0192841,-0.0196808
10.1684,10.1764,-0.0189635,-0.0192955
10.1694,10.1773,-0.0181282,-0.0183589
10.1705,10.1781,-0.0169038,-0.0173383
10.1716,10.1789,-0.015888,-0.0165521
10.1729,10.1796,-0.0146167,-0.0152066
10.1741,10.1805,-0.0135046,-0.0142745
10.1754,10.1813,-0.0127276,-0.0133853
10.1766,10.1822,-0.0124165,-0.0129057
10.178,10.183,-0.0126434,-0.0129215
10.1792,10.1839,-0.0133952,-0.0134732
10.1803,10.1849,-0.0145772,-0.0144653
10.1813,10.1859,-0.0160173,-0.0157452
10.1822,10.187,-0.0175039,-0.0171141
10.1833,10.1879,-0.0188101,-0.0183437
10.184,10.1892,-0.0197223,-0.0192357
10.1849,10.1905,-0.0200749,-0.0196212
10.2061,10.2116,-0.0198268,-0.0191128
10.1862,10.1925,-0.0189126,-0.0186875
10.1873,10.1934,-0.0178846,-0.0174687
10.1873,10.195,-0.0171059,-0.0167041
10.1895,10.1953,-0.0160641,-0.0153778
10.1906,10.1963,-0.0147255,-0.0144545
10.2122,10.2171,-0.0136116,-0.0134384
10.2131,10.2181,-0.0128388,-0.012842
10.2139,10.219,-0.0125701,-0.012743
10.2149,10.2196,-0.012854,-0.0131756
10.216,10.2203,-0.0136799,-0.014114
10.2372,10.2411,-0.0148978,-0.0151762
10.2173,10.2214,-0.0163561,-0.0169425
10.2382,10.2423,-0.0175404,-0.0181166
10.2183,10.2227,-0.0190692,-0.0196096
10.219,10.2236,-0.0198614,-0.0203002
10.2194,10.2249,-0.0200106,-0.0203255
10.2202,10.2258,-0.0195679,-0.0197289
10.221,10.2267,-0.018518,-0.0185114
10.2413,10.2487,-0.0174301,-0.0177898
10.2419,10.249,-0.0167211,-0.016758
10.2225,10.2284,-0.0153859,-0.0159901
10.2217,10.2275,-0.0141115,-0.0146228
10.2242,10.2297,-0.0131607,-0.0135688
10.2252,10.2306,-0.0126204,-0.0128848
10.226,10.2315,-0.0125925,-0.0126985
10.2269,10.2323,-0.0131394,-0.0130982
10.2277,10.2331,-0.0141859,-0.0140138
10.2285,10.2339,-0.0155766,-0.0153083
10.2293,10.2348,-0.0171127,-0.0167825
10.23,10.2356,-0.0185524,-0.0182003
10.2308,10.2365,-0.0196611,-0.019327
10.2316,10.2373,-0.0202433,-0.019961
10.2322,10.2384,-0.0201766,-0.0199817
10.2336,10.2382,-0.0194764,-0.0193425
10.2339,10.2401,-0.0186476,-0.0182242
10.2346,10.2409,-0.0178187,-0.0174297
10.2354,10.2417,-0.01697,-0.0163351
10.2361,10.2425,-0.0155501,-0.0149718
10.2369,10.2434,-0.014211,-0.0137327
10.2376,10.2442,-0.0131674,-0.0128311
10.2383,10.245,-0.0125911,-0.0124049
10.2391,10.2458,-0.0125822,-0.0125524
10.2399,10.2466,-0.0131543,-0.0132749
10.2401,10.2469,-0.0141936,-0.01444
10.2414,10.2482,-0.0156404,-0.0160007
10.2425,10.2486,-0.0171723,-0.0175768
10.2423,10.2506,-0.0185506,-0.0190032
10.2431,10.2514,-0.0196056,-0.0200266
10.2437,10.2525,-0.0201104,-0.0204913
10.264,10.2744,-0.0199464,-0.0199448
10.2446,10.254,-0.0191435,-0.0193861
10.2454,10.2546,-0.0181449,-0.0186187
10.2466,10.2548,-0.0170585,-0.0177549
10.266,10.2777,-0.0160091,-0.0170078
10.2466,10.2571,-0.0146745,-0.0156137
10.2481,10.2569,-0.0134962,-0.0142968
10.2678,10.2795,-0.0126682,-0.0131401
10.2682,10.2799,-0.0121059,-0.0126121
10.2487,10.2594,-0.0126063,-0.0128741
10.2217,10.308,-0.0128779,-0.0139051
10.2529,10.2576,-0.0149496,-0.0145011
10.2536,10.2582,-0.0165478,-0.0158895
10.2524,10.2575,-0.018057,-0.0172837
10.2547,10.2599,-0.0194799,-0.0186597
10.2554,10.261,-0.0203787,-0.019571
10.2759,10.2826,-0.0206504,-0.0196573
10.2563,10.2622,-0.0202064,-0.0197456
10.257,10.2628,-0.0191066,-0.0188853
10.2585,10.2627,-0.0189386,-0.0178306
10.2305,10.3125,-0.017174,-0.0171747
10.2613,10.2623,-0.016741,-0.0160255
10.2619,10.263,-0.0152918,-0.0147876
10.263,10.2633,-0.014289,-0.0136855
10.2626,10.2652,-0.0134159,-0.0130578
10.2629,10.2661,-0.0129936,-0.0128762
10.2642,10.2663,-0.0130801,-0.0131624
10.2639,10.268,-0.0136742,-0.0139943
10.2645,10.2687,-0.0147189,-0.0152032
10.2649,10.2695,-0.016035,-0.0166326
10.2654,10.2701,-0.0174154,-0.0180637
10.266,10.2708,-0.0186114,-0.0192488
10.2387,10.3197,-0.0188262,-0.0203292
10.2699,10.2691,-0.0198876,-0.0200618
10.2428,10.3177,-0.0190289,-0.0199395
10.2737,10.2672,-0.0189627,-0.0184943
10.2747,10.2672,-0.0177196,-0.0180165
10.274,10.2694,-0.0169076,-0.0169755
10.2741,10.2704,-0.0155565,-0.0158543
10.2744,10.2711,-0.0142901,-0.014586
10.2747,10.272,-0.013271,-0.0135453
10.2749,10.2729,-0.0126736,-0.0129053
10.2751,10.2738,-0.0126043,-0.012779
10.2951,10.2957,-0.0128703,-0.0130023
10.2758,10.2741,-0.0141368,-0.0141301
10.2721,10.2726,-0.0154919,-0.0154522
10.2753,10.2767,-0.0170136,-0.0169227
10.2755,10.2779,-0.0184373,-0.0183114
10.2767,10.2777,-0.019561,-0.0193796
10.2764,10.2792,-0.0201596,-0.0200043
10.2768,10.2799,-0.0201424,-0.0200005
10.2772,10.2805,-0.0194726,-0.0193598
10.2776,10.281,-0.0185403,-0.0181548
10.2779,10.2817,-0.0177298,-0.0173773
10.2781,10.2823,-0.0166176,-0.0163019
10.2783,10.283,-0.015495,-0.0152817
10.2785,10.2837,-0.0142981,-0.0141315
10.2787,10.2844,-0.0133773,-0.0132706
10.2789,10.2852,-0.0128934,-0.0128507
10.2791,10.2859,-0.0129318,-0.0129539
10.2794,10.2866,-0.0135005,-0.0135831
10.2796,10.2872,-0.0145257,-0.0146575
10.2855,10.278,-0.015953,-0.0157446
10.2798,10.2884,-0.0172429,-0.0175037
10.329,10.2607,-0.0192159,-0.0185763
10.3279,10.2625,-0.0200968,-0.0197158
10.3265,10.2645,-0.0204078,-0.0202978
10.3251,10.2664,-0.0200532,-0.0201811
10.3238,10.2683,-0.0190952,-0.0194137
10.3225,10.2702,-0.0179971,-0.0184253
10.3211,10.272,-0.0171912,-0.0176311
10.3198,10.2738,-0.0160864,-0.0165395
10.3184,10.2756,-0.014731,-0.015506
10.3172,10.2773,-0.0135739,-0.0143207
10.3158,10.2792,-0.0127824,-0.0134291
10.3146,10.2808,-0.0125108,-0.012996
10.3134,10.2826,-0.0127751,-0.0130506
10.3122,10.2843,-0.0136324,-0.0136811
10.311,10.2858,-0.0149379,-0.0147529
10.3099,10.2873,-0.0165011,-0.0160977
10.3089,10.2886,-0.0180883,-0.0174994
10.3081,10.2898,-0.0194494,-0.0187252
10.3042,10.2927,-0.0202981,-0.0196212
10.3068,10.2918,-0.0206398,-0.0198247
10.3263,10.3136,-0.0199452,-0.0192233
10.3055,10.2931,-0.0192839,-0.0186759
10.3167,10.3192,-0.0182457,-0.0178052
10.3244,10.3153,-0.0177293,-0.016668
10.3242,10.3157,-0.0166016,-0.0153491
10.3231,10.3166,-0.0151549,-0.0143609
10.3219,10.3176,-0.014535,-0.0138131
10.2882,10.3692,-0.012534,-0.0133371
10.2926,10.3666,-0.0123067,-0.0129704
10.3138,10.386,-0.0126581,-0.0130909
10.2936,10.3642,-0.0135739,-0.01418
10.3143,10.3838,-0.0149023,-0.015204
10.2948,10.3614,-0.016481,-0.0168953
10.2671,10.4091,-0.0174355,-0.0187441
10.2988,10.356,-0.0195165,-0.0194885
10.2999,10.3544,-0.0203745,-0.0202223
10.2995,10.3518,-0.020575,-0.020279
10.3015,10.352,-0.0200375,-0.0197786
10.3024,10.3508,-0.0188827,-0.0186415
10.303,10.3497,-0.0183891,-0.0178538
10.304,10.3481,-0.0172581,-0.0173388
10.3038,10.348,-0.0165558,-0.0163022
10.3036,10.3477,-0.015269,-0.0151128
10.3237,10.3682,-0.0138774,-0.0138419
10.304,10.3457,-0.0133569,-0.0133604
10.3236,10.3666,-0.0128153,-0.012957
10.3038,10.3442,-0.013309,-0.0134817
10.3041,10.3433,-0.0140819,-0.014327
10.3044,10.3425,-0.0152188,-0.0155127
10.3048,10.3416,-0.0165542,-0.0168793
10.3051,10.3407,-0.0178995,-0.0182557
10.3056,10.3396,-0.0190194,-0.0193819
10.3083,10.3347,-0.0197578,-0.0199435
10.3065,10.3376,-0.0198601,-0.0201893
10.3067,10.337,-0.0194021,-0.0196838
10.3071,10.3361,-0.0184097,-0.0185978
10.3073,10.3352,-0.0173527,-0.0177904
10.2798,10.3826,-0.0156921,-0.0170269
10.3106,10.3303,-0.0151468,-0.0155174
10.311,10.3292,-0.0140154,-0.014258
10.311,10.3286,-0.0131689,-0.0132965
10.3094,10.3263,-0.0127394,-0.0126918
10.311,10.3273,-0.0129504,-0.012841
10.3111,10.3268,-0.0136414,-0.0134448
10.3111,10.3262,-0.0147726,-0.0145112
10.311,10.3256,-0.016177,-0.0158887
10.311,10.325,-0.0176424,-0.0173639
10.311,10.3243,-0.0189188,-0.0186825
10.3111,10.3236,-0.0198341,-0.0196669
10.3085,10.3204,-0.0202139,-0.0201153
10.311,10.3222,-0.0199166,-0.0199229
10.3112,10.3219,-0.0189894,-0.0190688
10.2833,10.3697,-0.0173167,-0.0183816
10.3136,10.3179,-0.0172988,-0.0171909
10.3138,10.317,-0.0162151,-0.0158065
10.3135,10.3166,-0.0149353,-0.0148819
10.3133,10.3162,-0.0138427,-0.01384
10.3131,10.3158,-0.0131122,-0.0131446
10.3129,10.3154,-0.0128617,-0.0129236
10.3127,10.3149,-0.013146,-0.0132302
10.3125,10.3145,-0.0139341,-0.0140341
10.3108,10.3149,-0.0150941,-0.0152476
10.3317,10.3348,-0.0153751,-0.0162844
10.3113,10.3127,-0.0181796,-0.0180659
10.311,10.3123,-0.0194377,-0.0192721
10.3107,10.312,-0.0202211,-0.0200113
10.3105,10.3116,-0.0203951,-0.0201591
10.3102,10.3113,-0.0199042,-0.0196601
10.3099,10.311,-0.0187998,-0.0185635
10.3095,10.3106,-0.018004,-0.0177816
10.3093,10.3102,-0.0171776,-0.0166867
10.3089,10.3099,-0.0157671,-0.0156627
10.3086,10.3095,-0.0147766,-0.0144079
10.3083,10.3091,-0.0137491,-0.0134132
10.308,10.3087,-0.0131125,-0.0128361
10.3078,10.3084,-0.0129799,-0.0127814
10.3092,10.3049,-0.0134139,-0.0131644
10.3071,10.3077,-0.0142805,-0.0142827
10.3066,10.3075,-0.0155241,-0.0156364
10.3063,10.3072,-0.0169404,-0.0171116
10.3059,10.3068,-0.0182951,-0.0185142
10.3055,10.3065,-0.0193608,-0.0196031
10.3051,10.3063,-0.0199497,-0.0201888
10.3047,10.3061,-0.019944,-0.0201556
10.3044,10.3058,-0.0193177,-0.0194822
10.3047,10.3043,-0.0181572,-0.018211
10.3035,10.3052,-0.0173497,-0.0174796
10.3031,10.305,-0.0162639,-0.0166816
10.3027,10.3047,-0.0149368,-0.0153341
10.2745,10.3525,-0.0133429,-0.0161231
10.3056,10.2996,-0.0130447,-0.0126987
10.305,10.2999,-0.0126667,-0.0121552
10.3054,10.2983,-0.0128647,-0.0121896
10.3011,10.2973,-0.013369,-0.0127652
10.3075,10.2921,-0.0149508,-0.0141085
10.3026,10.2997,-0.0163732,-0.0158012
10.3017,10.3001,-0.0179428,-0.0174903
10.3011,10.3,-0.0193158,-0.0189826
10.3006,10.2998,-0.0202496,-0.0200532
10.3001,10.2997,-0.0205684,-0.0205188
10.2996,10.2996,-0.0201879,-0.0202853
10.2991,10.2995,-0.0191328,-0.0193673
10.2988,10.2992,-0.0186457,-0.0182954
10.2983,10.299,-0.0177902,-0.017477
10.2977,10.2988,-0.0166418,-0.0166863
10.2972,10.2986,-0.0152192,-0.0153362
10.2968,10.2983,-0.0139266,-0.0141005
10.2964,10.2981,-0.0129757,-0.013187
10.2961,10.2978,-0.0125228,-0.0127502
10.2979,10.2937,-0.0126902,-0.0127378
10.2952,10.2973,-0.013363,-0.0135807
10.2945,10.2976,-0.0145445,-0.0147301
10.294,10.2974,-0.0160448,-0.0161541
10.2935,10.2972,-0.0176468,-0.0176707
10.293,10.297,-0.01908,-0.0190093
10.2924,10.297,-0.020097,-0.019939
10.2919,10.2969,-0.0205317,-0.0202996
10.2915,10.2967,-0.0202823,-0.020001
10.2911,10.2965,-0.0193602,-0.0190609
10.2904,10.2966,-0.0185525,-0.0182967
10.29,10.2963,-0.0177181,-0.0171796
10.2895,10.2962,-0.0165693,-0.0161092
10.2891,10.296,-0.0151438,-0.0147301
10.2887,10.2957,-0.0138682,-0.0135377
10.2883,10.2954,-0.0129561,-0.0127313
10.2879,10.2952,-0.0125541,-0.0124513
10.3074,10.316,-0.0127181,-0.0125517
10.2869,10.2942,-0.0135015,-0.0136594
10.2865,10.2939,-0.0147431,-0.0150046
10.2861,10.2936,-0.0162609,-0.0165931
10.2857,10.2935,-0.0178144,-0.0181678
10.2854,10.2931,-0.0191565,-0.0195049
10.2851,10.2929,-0.0200528,-0.0203693
10.2847,10.2927,-0.02034,-0.020598
10.3326,10.2646,-0.0202637,-0.0194827
10.3304,10.2661,-0.0190531,-0.0184453
10.3283,10.2673,-0.0184851,-0.0177146
10.3262,10.2685,-0.0175818,-0.0169736
10.3242,10.2697,-0.0163876,-0.015642
10.3216,10.2705,-0.0152796,-0.014702
10.3202,10.272,-0.0141762,-0.0137395
10.3383,10.2939,-0.0134343,-0.0129312
10.3168,10.2729,-0.0131389,-0.0129867
10.3142,10.275,-0.0133299,-0.0133428
10.3124,10.2761,-0.0140466,-0.0141799
10.3107,10.277,-0.0151303,-0.0153421
10.3087,10.2783,-0.016491,-0.016751
10.3071,10.279,-0.0178783,-0.0181335
10.3056,10.2798,-0.0190417,-0.0192333
10.3041,10.2805,-0.0197861,-0.0199077
10.302,10.2804,-0.0199706,-0.020002
10.3013,10.2817,-0.019514,-0.0194635
10.3,10.2823,-0.0185254,-0.0183992
10.2985,10.283,-0.0174496,-0.0176187
10.2972,10.2835,-0.0163442,-0.0165034
10.2959,10.284,-0.0153184,-0.0151418
10.2945,10.2846,-0.0141185,-0.0139114
10.2931,10.2852,-0.0132046,-0.0129971
10.2917,10.2859,-0.012728,-0.0125388
10.2904,10.2865,-0.012816,-0.0126594
10.2891,10.2871,-0.013449,-0.0133351
10.2934,10.278,-0.0146618,-0.0142974
10.2843,10.2861,-0.0158832,-0.0158994
10.323,10.3282,-0.0167052,-0.0168377
10.3038,10.3088,-0.0184059,-0.0185513
10.3029,10.3087,-0.0193887,-0.0195592
10.3021,10.3085,-0.0198473,-0.0200342
10.2985,10.3056,-0.0197224,-0.0199756
10.3002,10.3077,-0.0189292,-0.0190945
10.2995,10.3077,-0.0179642,-0.0181141
10.2984,10.3075,-0.0171755,-0.0173075
10.298,10.3062,-0.0158382,-0.0162118
10.297,10.3059,-0.0148816,-0.0152379
10.2958,10.3068,-0.0138143,-0.0142139
10.3066,10.3204,-0.0126872,-0.0130815
10.3326,10.3485,-0.0129208,-0.0131539
10.3114,10.3275,-0.0132616,-0.013636
10.3102,10.3271,-0.0140726,-0.0143636
10.3091,10.3267,-0.0152381,-0.0154337
10.308,10.3261,-0.0165995,-0.0166893
10.307,10.3255,-0.0179421,-0.0179298
10.3061,10.3249,-0.0190386,-0.0189067
10.306,10.3236,-0.0197313,-0.0194824
10.305,10.3233,-0.0198422,-0.0195658
10.3242,10.3435,-0.0194099,-0.0188412
10.3026,10.3221,-0.0184107,-0.0182231
10.3017,10.3214,-0.0173688,-0.0172693
10.301,10.3206,-0.0163137,-0.0162621
10.2998,10.3205,-0.0152819,-0.0153195
10.2994,10.3194,-0.0141868,-0.0142703
10.2976,10.3199,-0.013358,-0.0135587
10.2967,10.3195,-0.0129817,-0.0132334
10.296,10.3189,-0.0130969,-0.0133849
10.295,10.3185,-0.0136948,-0.0140094
10.3138,10.3392,-0.0144877,-0.0148425
10.2928,10.3171,-0.0160628,-0.0163594
10.2923,10.3161,-0.0174487,-0.0177118
10.2918,10.3152,-0.0186609,-0.0188846
10.2915,10.3142,-0.0195041,-0.0196702
10.2912,10.3132,-0.0198141,-0.0199283
10.2909,10.3122,-0.0195492,-0.019608
10.2906,10.3112,-0.0187172,-0.0187186
10.29,10.3106,-0.0177304,-0.0179842
10.2895,10.3099,-0.0166347,-0.0168541
10.2889,10.3091,-0.0153022,-0.0155089
10.2883,10.3084,-0.0140564,-0.0142344
10.3372,10.2788,-0.0137798,-0.0129177
10.3349,10.2796,-0.0131804,-0.0125448
10.3322,10.2809,-0.0130646,-0.012708
10.3298,10.2818,-0.0134916,-0.0134113
10.3275,10.2827,-0.014395,-0.0145661
10.3251,10.2836,-0.0156178,-0.0160057
10.323,10.2841,-0.0169887,-0.0175318
10.3211,10.2846,-0.0182727,-0.0189029
10.3193,10.285,-0.0192519,-0.0198962
10.3176,10.2853,-0.0197517,-0.0203386
10.3159,10.2857,-0.0196698,-0.0201363
10.3143,10.286,-0.0189959,-0.0192928
10.3123,10.2866,-0.0178243,-0.0185992
10.3106,10.2869,-0.0167647,-0.0177797
10.3088,10.2872,-0.0157541,-0.0166512
10.3071,10.2876,-0.014493,-0.0152382
10.3043,10.2874,-0.0133963,-0.0141582
10.3034,10.2886,-0.012785,-0.0134166
10.3017,10.2892,-0.0126399,-0.0130537
10.2999,10.2897,-0.0130385,-0.0132153
10.2982,10.2901,-0.0139502,-0.0138885
10.2966,10.2905,-0.0152408,-0.0149707
10.2951,10.2907,-0.0167378,-0.0162946
10.2938,10.2907,-0.0182097,-0.0176459
10.2927,10.2905,-0.0194222,-0.0187999
10.2918,10.2902,-0.0201716,-0.0195571
10.291,10.2899,-0.0203178,-0.0197764
10.2902,10.2895,-0.01981,-0.0193999
10.286,10.286,-0.0187287,-0.0184736
10.2882,10.2888,-0.018192,-0.0174248
10.2873,10.289,-0.0170589,-0.0163681
10.2862,10.289,-0.0159521,-0.015072
10.2849,10.2891,-0.0146144,-0.0138979
10.2836,10.2893,-0.0135184,-0.0130228
10.2822,10.2895,-0.0128469,-0.0125914
10.281,10.2897,-0.0127132,-0.0127135
10.2798,10.2898,-0.0131459,-0.013387
10.2788,10.2897,-0.0140896,-0.0145331
10.2779,10.2895,-0.0153873,-0.0159907
10.2771,10.2892,-0.0168465,-0.0175463
10.2783,10.2856,-0.0182564,-0.0188573
10.2758,10.2883,-0.0192816,-0.0200022
10.2753,10.288,-0.0198517,-0.0204956
10.2749,10.2874,-0.019816,-0.020318
10.2746,10.2869,-0.0191543,-0.0194746
10.2739,10.2865,-0.0179566,-0.0187423
10.2733,10.2861,-0.0171848,-0.0179001
10.2726,10.2858,-0.0161157,-0.0167433
10.2719,10.2856,-0.0148439,-0.0156547
10.271,10.2855,-0.0137195,-0.014374
10.2626,10.2899,-0.0126669,-0.0134436
10.2736,10.2777,-0.0127482,-0.0125486
10.2689,10.2849,-0.012948,-0.0128849
10.2679,10.2852,-0.0137236,-0.013486
10.2675,10.2843,-0.0149417,-0.0145133
10.2664,10.285,-0.0163907,-0.0159009
10.2658,10.2847,-0.017872,-0.0173398
10.2669,10.2816,-0.0191625,-0.0185383
10.2654,10.2834,-0.0199933,-0.019561
10.2652,10.2828,-0.0202739,-0.0199744
10.265,10.2823,-0.0198986,-0.0197578
10.265,10.2815,-0.0189095,-0.0189385
10.2649,10.2808,-0.0181345,-0.0176398
10.2644,10.2807,-0.0173725,-0.0169282
10.2641,10.2801,-0.0162448,-0.015882
10.2368,10.327,-0.0146655,-0.0153317
10.2661,10.2764,-0.0143341,-0.0138776
10.2655,10.2762,-0.0135675,-0.0132134
10.2583,10.2711,-0.0130564,-0.0128278
10.2653,10.2734,-0.0135168,-0.0136271
10.2641,10.2756,-0.0141785,-0.0144835
10.2636,10.2755,-0.0152156,-0.0156505
10.2629,10.2756,-0.0164329,-0.0169699
10.2349,10.3233,-0.0170472,-0.018578
10.2651,10.2717,-0.0188127,-0.0191115
10.2653,10.2708,-0.0194905,-0.0196968
10.2847,10.2915,-0.0196171,-0.0194468
10.2644,10.2697,-0.0191767,-0.0192507
10.2639,10.2696,-0.0182199,-0.0181892
10.2635,10.2695,-0.0173513,-0.0174643
10.2631,10.2692,-0.0160082,-0.0163824
10.2627,10.2691,-0.015347,-0.0154188
10.2622,10.269,-0.014312,-0.0143119
10.2349,10.316,-0.012984,-0.0138776
10.2643,10.2655,-0.0133648,-0.012976
10.264,10.2654,-0.0134979,-0.0130473
10.2636,10.2652,-0.0140871,-0.013624
10.2631,10.2652,-0.0150374,-0.0146233
10.2626,10.2651,-0.0162168,-0.0158699
10.263,10.2641,-0.017452,-0.0171717
10.2617,10.265,-0.0184841,-0.0183594
10.2604,10.2637,-0.0192132,-0.0192063
10.2666,10.2549,-0.0196225,-0.020069
10.2604,10.2647,-0.019664,-0.0204084
10.2525,10.2661,-0.0189451,-0.019871
10.2592,10.2649,-0.0177516,-0.0185138
10.2594,10.2646,-0.0169655,-0.0176573
10.2591,10.2645,-0.0158797,-0.0168127
10.2555,10.2611,-0.014559,-0.0153585
10.2584,10.2639,-0.0136115,-0.0142764
10.2584,10.2639,-0.0129399,-0.0133847
10.2583,10.2637,-0.0127216,-0.0129145
10.2581,10.2635,-0.0130385,-0.0129843
10.2577,10.2635,-0.0138503,-0.0135706
10.2575,10.2634,-0.0150781,-0.0146014
10.2572,10.2632,-0.0165273,-0.0159088
10.257,10.263,-0.0179904,-0.0174042
10.3032,10.2317,-0.0195081,-0.0178654
10.2813,10.2142,-0.0200383,-0.018615
10.3019,10.2377,-0.0201124,-0.0190906
10.2994,10.2372,-0.0196238,-0.0190033
10.298,10.2407,-0.0185098,-0.0183906
10.3173,10.2618,-0.0177673,-0.0170458
10.2952,10.2419,-0.0171808,-0.0163931
10.2925,10.2441,-0.0158911,-0.0153174
10.2909,10.2452,-0.0146377,-0.0142623
10.289,10.2466,-0.013592,-0.0134234
10.2873,10.2479,-0.0129502,-0.0129747
10.2858,10.2488,-0.012841,-0.0130282
10.2852,10.2489,-0.0132687,-0.0135394
10.2836,10.2502,-0.0141487,-0.0144786
10.2816,10.2518,-0.0153491,-0.0156986
10.3007,10.2728,-0.0167119,-0.0167509
10.2984,10.274,-0.0177909,-0.0180335
10.2766,10.2536,-0.0192052,-0.0193353
10.2753,10.2544,-0.0198653,-0.0198553
10.2741,10.2554,-0.0199165,-0.0197301
10.2732,10.256,-0.0193692,-0.019053
10.272,10.2568,-0.0182595,-0.0178676
10.2906,10.2783,-0.0171797,-0.0168477
10.2693,10.2579,-0.0160777,-0.0163845
10.2692,10.2575,-0.0153468,-0.0151261
10.2676,10.259,-0.0142903,-0.0140764
10.2665,10.2597,-0.0135314,-0.0133558
10.2656,10.2603,-0.0131883,-0.0130602
10.2371,10.3087,-0.0127296,-0.0136439
10.2667,10.2582,-0.0140802,-0.0137703
10.2658,10.2587,-0.0150895,-0.0148148
10.2649,10.2592,-0.0163298,-0.0161069
10.264,10.2597,-0.017592,-0.0174278
10.2631,10.2603,-0.0186868,-0.0185943
10.2624,10.2607,-0.019414,-0.0193826
10.282,10.2815,-0.019644,-0.0193512
10.2605,10.2615,-0.0193103,-0.019428
10.2599,10.2617,-0.0184465,-0.0186503
10.2593,10.262,-0.0174563,-0.0174342
10.2301,10.3112,-0.0157535,-0.0170157
10.2308,10.31,-0.0145139,-0.0158722
10.2318,10.3084,-0.013466,-0.0145857
10.2336,10.3055,-0.0127451,-0.0135035
10.2335,10.3057,-0.0124584,-0.0129689
10.2343,10.3045,-0.0127313,-0.0129124
10.2351,10.3031,-0.0135266,-0.0133771
10.236,10.3018,-0.0147401,-0.014336
10.2368,10.3005,-0.0162284,-0.0156234
10.2376,10.2991,-0.0177324,-0.0170105
10.2385,10.2978,-0.019068,-0.018322
10.2392,10.2966,-0.0199788,-0.0193025
10.2376,10.2967,-0.020289,-0.0198092
10.241,10.2939,-0.0199961,-0.0196597
10.2421,10.2926,-0.0190422,-0.0189426
10.243,10.2912,-0.0182635,-0.0177149
10.2438,10.2899,-0.0174681,-0.0166614
10.2445,10.2888,-0.016368,-0.0156883
10.2451,10.2877,-0.0153297,-0.0144482
10.2458,10.2867,-0.0141668,-0.0134104
10.2465,10.2856,-0.0133134,-0.012757
10.2472,10.2845,-0.0129433,-0.0126019
10.248,10.2834,-0.0133937,-0.0130131
10.2487,10.2823,-0.0141227,-0.0139224
10.2493,10.2813,-0.015228,-0.01523
10.2499,10.2803,-0.0165319,-0.0167319
10.2498,10.2788,-0.0178215,-0.0181904
10.2508,10.2785,-0.0188933,-0.0194005
10.2508,10.2785,-0.0195192,-0.0200892
10.2513,10.2777,-0.0196338,-0.0202206
10.2714,10.298,-0.0191472,-0.0193819
10.2516,10.276,-0.0181404,-0.018633
10.252,10.2751,-0.0171572,-0.0178696
10.2523,10.2746,-0.0161101,-0.0167777
10.2526,10.274,-0.0148612,-0.0160044
10.2726,10.2944,-0.0137604,-0.0145344
10.2537,10.2715,-0.0129979,-0.0137644
10.2542,10.2708,-0.0126515,-0.0131421
10.254,10.2709,-0.0128679,-0.0130926
10.2547,10.27,-0.0135866,-0.013516
10.2551,10.2695,-0.0147573,-0.0144097
10.2555,10.2688,-0.0161645,-0.0155965
10.228,10.3164,-0.0171745,-0.0186346
10.2786,10.2852,-0.0187882,-0.0174971
10.2584,10.264,-0.0200195,-0.0186219
10.2583,10.2639,-0.0204186,-0.0190888
10.2582,10.2641,-0.0201546,-0.0190121
10.259,10.263,-0.0192972,-0.018388
10.2581,10.2639,-0.0185265,-0.0173202
10.2584,10.2634,-0.0177446,-0.0160864
10.2784,10.2839,-0.0169571,-0.0148855
10.2583,10.2622,-0.0156377,-0.0141306
10.2584,10.2619,-0.0144389,-0.0133137
10.2586,10.2615,-0.0135608,-0.0128775
10.259,10.261,-0.0131194,-0.0129005
10.2594,10.2605,-0.0131779,-0.0134114
10.2597,10.26,-0.0137231,-0.0145763
10.2601,10.2595,-0.0146784,-0.015599
10.2602,10.2592,-0.0158691,-0.0169946
10.2602,10.259,-0.0171126,-0.0183299
10.26,10.259,-0.0182023,-0.0193894
10.2597,10.2592,-0.0189527,-0.019993
10.2594,10.2595,-0.0192301,-0.0200223
10.2591,10.2597,-0.0189755,-0.0194425
10.2786,10.2808,-0.0182356,-0.0180359
10.2582,10.2595,-0.0171115,-0.0176451
10.258,10.2595,-0.0158561,-0.0168659
10.258,10.2593,-0.0146013,-0.0157238
10.2582,10.259,-0.0135391,-0.0144798
10.2782,10.2796,-0.01279,-0.0132947
10.2586,10.2578,-0.0125043,-0.0129588
10.2588,10.2575,-0.0127742,-0.0129566
10.2589,10.2575,-0.0135523,-0.0134563
10.259,10.2572,-0.0147748,-0.0144307
10.2288,10.3072,-0.0155079,-0.0160083
10.2313,10.305,-0.0171659,-0.0171978
10.2327,10.3033,-0.0186425,-0.0182903
10.2335,10.3012,-0.0197287,-0.0190612
10.2349,10.3005,-0.0202446,-0.0194244
10.2362,10.2991,-0.020099,-0.0192136
10.2374,10.2977,-0.0193396,-0.0185004
10.2386,10.2962,-0.0183676,-0.0173414
10.2423,10.2905,-0.0180732,-0.016565
10.2586,10.3154,-0.0154623,-0.0143675
10.2622,10.312,-0.0165623,-0.0151564
10.2633,10.3102,-0.015478,-0.0141647
10.2637,10.3079,-0.0146383,-0.0140096
10.2651,10.3069,-0.0140883,-0.0130319
10.2625,10.3014,-0.0136696,-0.0140255
10.267,10.3032,-0.0142437,-0.01579
10.2588,10.3072,-0.0149316,-0.0172623
10.2678,10.2992,-0.0157146,-0.0180094
10.2398,10.3481,-0.0159465,-0.0192299
10.2734,10.2927,-0.0175448,-0.0193057
10.2741,10.2931,-0.0181088,-0.0195184
10.2743,10.2923,-0.0183411,-0.0193219
10.2691,10.2866,-0.018228,-0.0185663
10.2743,10.2906,-0.0176812,-0.0175899
10.2747,10.2903,-0.0169037,-0.0166102
10.2751,10.2894,-0.0160096,-0.0158699
10.2752,10.2887,-0.0151622,-0.0147794
10.2951,10.3089,-0.0142281,-0.0136644
10.2756,10.2863,-0.0140657,-0.0133018
10.276,10.2853,-0.0140043,-0.013182
10.2759,10.2848,-0.0142773,-0.0134867
10.2761,10.2841,-0.0149025,-0.0142112
10.276,10.2837,-0.0157346,-0.0152091
10.2762,10.2829,-0.0167287,-0.0164183
10.2762,10.2823,-0.0176723,-0.017608
10.2761,10.2818,-0.0184026,-0.0185788
10.2758,10.2816,-0.0187775,-0.0191865
10.2756,10.2813,-0.0187032,-0.0193019
10.2754,10.2809,-0.0182191,-0.0189496
10.276,10.2793,-0.017317,-0.0180614
10.2758,10.279,-0.0161553,-0.0169064
10.2752,10.2796,-0.0149075,-0.0159187
10.2758,10.278,-0.0138223,-0.0147081
10.2755,10.2783,-0.0129728,-0.0137578
10.2792,10.2716,-0.0126689,-0.0131376
10.276,10.2768,-0.0126434,-0.0129523
10.2759,10.2766,-0.0132538,-0.0133117
10.2761,10.276,-0.0143198,-0.0140992
10.2761,10.2756,-0.0156942,-0.0152337
10.2964,10.2953,-0.0174187,-0.0162519
10.2958,10.295,-0.0192713,-0.0174858
10.2885,10.3628,-0.0198398,-0.0184338
10.3176,10.3119,-0.021157,-0.018499
10.3168,10.3112,-0.021085,-0.0189248
10.3157,10.311,-0.0203055,-0.018557
