0.001
0.015
0.027
0.039
0.051
0.063
0.075
0.087
0.099
0.111
0.123
0.135
0.147
0.159
0.171
0.183
0.195
0.207
0.219
0.231
0.243
0.255
0.267
0.279
0.291
0.303
0.315
0.327
0.339
0.351
0.363
0.375
0.387
0.399
0.411
0.423
0.435
0.447
0.459
0.471
0.483
0.495
0.507
0.519
0.531
0.543
0.555
0.567
0.579
0.591
0.603
0.615
0.627
0.639
0.651
0.663
0.675
0.687
0.699
0.711
0.723
0.735
0.747
0.759
0.77
0.783
0.795
0.807
0.819
0.831
0.842
0.855
0.866
0.879
0.891
0.903
0.915
0.926
0.939
0.951
0.962
0.975
0.986
0.998
1.011
1.023
1.034
1.046
1.059
1.071
1.083
1.095
1.107
1.119
1.131
1.143
1.155
1.167
1.179
1.191
1.203
1.215
1.227
1.239
1.251
1.263
1.275
1.287
1.299
1.311
1.323
1.335
1.347
1.359
1.371
1.383
1.395
1.407
1.419
1.431
1.443
1.455
1.467
1.479
1.491
1.502
1.515
1.526
1.538
1.551
1.562
1.574
1.587
1.598
1.61
1.622
1.634
1.646
1.658
1.671
1.682
1.694
1.707
1.718
1.731
1.742
1.755
1.767
1.779
1.791
1.802
1.814
1.827
1.839
1.851
1.863
1.875
1.887
1.899
1.911
1.923
1.935
1.947
1.959
1.971
1.982
1.994
2.006
2.019
2.031
2.043
2.055
2.067
2.079
2.091
2.103
2.115
2.127
2.139
2.151
2.163
2.175
2.187
2.199
2.211
2.223
2.235
2.247
2.259
2.271
2.283
2.295
2.307
2.319
2.331
2.343
2.355
2.367
2.379
2.391
2.403
2.415
2.427
2.439
2.451
2.463
2.475
2.487
2.499
2.511
2.523
2.535
2.547
2.559
2.571
2.583
2.595
2.607
2.619
2.631
2.643
2.655
2.667
2.679
2.691
2.703
2.715
2.727
2.739
2.751
2.763
2.775
2.787
2.799
2.811
2.823
2.835
2.847
2.859
2.871
2.883
2.895
2.907
2.919
2.931
2.943
2.955
2.967
2.979
2.991
3.003
3.015
3.027
3.039
3.051
3.063
3.075
3.087
3.099
3.111
3.123
3.135
3.147
3.159
3.171
3.183
3.195
3.207
3.219
3.231
3.243
3.255
3.267
3.279
3.291
3.303
3.315
3.327
3.339
3.351
3.363
3.375
3.387
3.399
3.411
3.423
3.435
3.447
3.459
3.471
3.483
3.495
3.507
3.519
3.531
3.543
3.555
3.567
3.579
3.591
3.603
3.615
3.627
3.639
3.651
3.663
3.675
3.687
3.699
3.711
3.723
3.735
3.747
3.759
3.771
3.783
3.795
3.807
3.819
3.831
3.843
3.855
3.867
3.879
3.891
3.903
3.915
3.927
3.939
3.951
3.963
3.975
3.987
3.999
4.011
4.023
4.035
4.047
4.059
4.071
4.083
4.095
4.107
4.119
4.131
4.143
4.155
4.167
4.179
4.191
4.203
4.215
4.227
4.239
4.251
4.263
4.275
4.287
4.299
4.311
4.323
4.335
4.347
4.359
4.371
4.383
4.395
4.407
4.419
4.431
4.443
4.455
4.467
4.479
4.491
4.503
4.515
4.527
4.539
4.551
4.563
4.575
4.587
4.599
4.611
4.623
4.635
4.647
4.659
4.671
4.683
4.695
4.707
4.719
4.731
4.743
4.755
4.767
4.779
4.791
4.803
4.815
4.827
4.839
4.851
4.863
4.875
4.887
4.899
4.911
4.923
4.935
4.947
4.959
4.971
4.983
4.995
5.007
5.019
5.031
5.043
5.055
5.067
5.079
5.091
5.103
5.115
5.127
5.139
5.151
5.163
5.175
5.187
5.199
5.211
5.223
5.235
5.247
5.259
5.271
5.283
5.295
5.307
5.319
5.331
5.343
5.355
5.367
5.379
5.391
5.403
5.415
5.427
5.439
5.451
5.463
5.475
5.487
5.499
5.511
5.523
5.535
5.547
5.559
5.571
5.583
5.595
5.607
5.619
5.631
5.643
5.655
5.667
5.679
5.691
5.703
5.715
5.727
5.739
5.751
5.763
5.775
5.787
5.799
5.811
5.823
5.835
5.847
5.859
5.871
5.883
5.895
5.907
5.919
5.931
5.943
5.955
5.967
5.979
5.991
6.003
6.015
6.027
6.039
6.051
6.063
6.075
6.087
6.099
6.111
6.123
6.135
6.147
6.159
6.171
6.183
6.195
6.207
6.219
6.231
6.243
6.255
6.267
6.279
6.291
6.303
6.315
6.327
6.339
6.351
6.363
6.375
6.387
6.399
6.411
6.423
6.435
6.447
6.459
6.471
6.483
6.495
6.507
6.519
6.531
6.543
6.555
6.567
6.579
6.591
6.603
6.615
6.627
6.639
6.651
6.663
6.675
6.687
6.699
6.711
6.723
6.735
6.747
6.759
6.771
6.783
6.795
6.807
6.819
6.831
6.843
6.855
6.867
6.879
6.891
6.903
6.915
6.927
6.939
6.951
6.963
6.975
6.987
6.999
7.011
7.023
7.035
7.047
7.059
7.071
7.083
7.095
7.107
7.119
7.131
7.143
7.155
7.167
7.179
7.19
7.203
7.214
7.227
7.239
7.251
7.263
7.275
7.287
7.299
7.311
7.323
7.335
7.347
7.359
7.371
7.383
7.395
7.406
7.419
7.431
7.443
7.455
7.466
7.478
7.491
7.501
7.515
7.527
7.539
7.551
7.563
7.575
7.587
7.599
7.611
7.623
7.635
7.647
7.659
7.671
7.683
7.695
7.707
7.719
7.731
7.743
7.755
7.767
7.779
7.791
7.803
7.815
7.827
7.839
7.851
7.863
7.875
7.887
7.899
7.911
7.923
7.935
7.947
7.959
7.971
7.983
7.995
8.007
8.019
8.031
8.043
8.055
8.067
8.079
8.091
8.103
8.115
8.127
8.139
8.151
8.163
8.175
8.187
8.199
8.211
8.223
8.235
8.247
8.259
8.271
8.283
8.295
8.307
8.319
8.331
8.343
8.355
8.367
8.379
8.391
8.403
8.415
8.427
8.439
8.451
8.463
8.475
8.487
8.499
8.511
8.523
8.535
8.547
8.559
8.571
8.583
8.595
8.607
8.619
8.631
8.643
8.655
8.667
8.679
8.691
8.703
8.715
8.727
8.739
8.751
8.763
8.775
8.787
8.799
8.811
8.823
8.834
8.847
8.859
8.871
8.883
8.895
8.907
8.919
8.931
8.943
8.955
8.966
8.978
8.991
9.003
9.015
9.027
9.039
9.051
9.063
9.075
9.087
9.099
9.111
9.123
9.135
9.147
9.158
9.171
9.183
9.195
9.207
9.219
9.231
9.243
9.255
9.267
9.279
9.291
9.303
9.315
9.327
9.338
9.351
9.363
9.375
9.387
9.399
9.411
9.422
9.434
9.447
9.459
9.471
9.483
9.495
9.507
9.519
9.531
9.543
9.555
9.567
9.579
9.591
9.603
9.615
9.627
9.639
9.651
9.663
9.675
9.687
9.699
9.711
9.723
9.735
9.747
9.759
9.771
9.783
9.795
9.807
9.819
9.831
9.843
9.855
9.867
9.879
9.891
9.903
9.915
9.927
9.939
9.951
9.963
9.975
9.987
9.999
10.011
10.023
10.035
10.047
10.059
10.071
10.083
10.095
10.107
10.119
10.131
10.143
10.155
10.167
10.179
10.191
10.203
10.215
10.227
10.239
10.251
10.263
10.275
10.287
10.299
10.311
10.323
10.335
10.347
10.359
10.371
10.383
10.395
10.407
10.419
10.431
10.443
10.455
10.467
10.479
10.491
10.503
10.515
10.527
10.539
10.551
10.563
10.575
10.587
10.599
10.611
10.623
10.635
10.647
10.659
10.671
10.683
10.695
10.707
10.719
10.731
