0.004
0.034
0.046
0.058
0.07
0.082
0.094
0.106
0.118
0.13
0.141
0.154
0.166
0.178
0.189
0.202
0.214
0.225
0.238
0.25
0.262
0.274
0.286
0.298
0.31
0.322
0.334
0.346
0.358
0.369
0.382
0.394
0.406
0.418
0.429
0.442
0.454
0.466
0.478
0.49
0.502
0.514
0.526
0.538
0.55
0.562
0.573
0.586
0.598
0.61
0.621
0.634
0.646
0.657
0.67
0.682
0.694
0.706
0.718
0.73
0.742
0.754
0.766
0.778
0.79
0.802
0.814
0.826
0.838
0.85
0.862
0.874
0.886
0.898
0.91
0.922
0.934
0.946
0.958
0.97
0.982
0.994
1.006
1.018
1.03
1.041
1.053
1.065
1.078
1.09
1.101
1.114
1.126
1.138
1.15
1.162
1.174
1.186
1.198
1.21
1.222
1.234
1.246
1.258
1.27
1.282
1.294
1.306
1.318
1.33
1.342
1.354
1.366
1.378
1.39
1.402
1.414
1.426
1.438
1.45
1.462
1.474
1.486
1.498
1.51
1.522
1.534
1.546
1.558
1.57
1.582
1.594
1.606
1.618
1.63
1.642
1.654
1.666
1.678
1.69
1.702
1.714
1.726
1.738
1.749
1.762
1.773
1.786
1.798
1.81
1.822
1.834
1.846
1.858
1.87
1.882
1.894
1.906
1.918
1.93
1.942
1.954
1.966
1.978
1.99
2.002
2.014
2.026
2.038
2.05
2.062
2.074
2.086
2.098
2.11
2.122
2.134
2.146
2.158
2.17
2.182
2.194
2.206
2.218
2.23
2.242
2.254
2.266
2.278
2.29
2.302
2.314
2.326
2.338
2.349
2.362
2.374
2.386
2.398
2.409
2.422
2.434
2.446
2.458
2.469
2.482
2.493
2.506
2.518
2.53
2.542
2.554
2.566
2.578
2.59
2.602
2.614
2.626
2.638
2.65
2.661
2.674
2.686
2.698
2.71
2.722
2.734
2.746
2.758
2.77
2.781
2.794
2.806
2.818
2.83
2.842
2.854
2.866
2.878
2.889
2.902
2.914
2.926
2.937
2.95
2.962
2.974
2.986
2.998
3.01
3.022
3.034
3.046
3.058
3.07
3.082
3.094
3.106
3.118
3.13
3.142
3.154
3.166
3.178
3.19
3.202
3.214
3.226
3.238
3.249
3.262
3.274
3.286
3.298
3.31
3.322
3.334
3.346
3.357
3.37
3.382
3.394
3.406
3.418
3.429
3.442
3.454
3.466
3.478
3.49
3.502
3.514
3.526
3.538
3.55
3.562
3.574
3.586
3.598
3.61
3.622
3.634
3.646
3.658
3.67
3.682
3.694
3.706
3.718
3.73
3.742
3.753
3.766
3.778
3.79
3.802
3.814
3.826
3.838
3.85
3.862
3.874
3.886
3.898
3.909
3.922
3.934
3.946
3.958
3.97
3.982
3.994
4.006
4.018
4.03
4.042
4.054
4.066
4.078
4.09
4.102
4.114
4.126
4.138
4.15
4.162
4.174
4.186
4.198
4.21
4.222
4.233
4.246
4.258
4.27
4.282
4.294
4.306
4.318
4.33
4.342
4.354
4.366
4.378
4.39
4.402
4.414
4.426
4.438
4.45
4.462
4.474
4.486
4.498
4.51
4.522
4.533
4.546
4.558
4.57
4.582
4.594
4.606
4.618
4.63
4.642
4.654
4.666
4.678
