0.00035
0.000125
0.000125
9.59998e-05
9.99998e-05
0.000101
8.99993e-05
0.000121001
0.000116
0.000232
9.19998e-05
0.000171002
0.00011
0.000105001
0.000126
9.50024e-05
0.000103995
0.000105999
0.000108004
0.000119999
0.000108004
0.000104003
0.000220001
0.00011
0.00011
9.50024e-05
9.19998e-05
0.000128001
0.000165999
9.90033e-05
9.0003e-05
0.000102013
8.20011e-05
9.49949e-05
0.000309005
0.000132993
0.000173002
8.90046e-05
0.000118002
0.000220999
9.70066e-05
9.10014e-05
8.49962e-05
0.000105008
0.000111014
8.6993e-05
0.000106007
0.000101998
9.39965e-05
9.39965e-05
0.000101
0.000134006
9.3013e-05
9.0003e-05
0.000123009
9.0003e-05
9.0003e-05
9.29981e-05
0.00010699
9.29981e-05
9.10014e-05
0.000131011
0.000107005
0.000119001
0.000101998
0.000121996
8.5026e-05
0.000108004
0.000120997
0.000108987
0.000122994
8.6993e-05
0.000132978
0.000156015
0.00010401
0.000146002
0.000137001
0.00011
0.000128001
0.000129998
9.0003e-05
9.10163e-05
8.70228e-05
9.3013e-05
8.79765e-05
0.00010699
0.000109017
0.000152975
0.00010401
0.000100017
0.000120014
0.00010699
8.2016e-05
9.59933e-05
8.90195e-05
7.49826e-05
0.000100017
0.000100017
8.89897e-05
0.000108004
9.69768e-05
6.69956e-05
7.79927e-05
7.50124e-05
7.09891e-05
9.40263e-05
7.59959e-05
7.99894e-05
0.000164986
9.39965e-05
7.70092e-05
9.0003e-05
0.000105977
8.00192e-05
9.39965e-05
0.00011
8.80063e-05
7.79927e-05
0.00028798
9.3013e-05
0.000108004
7.89762e-05
0.000205994
8.00192e-05
7.9006e-05
8.29995e-05
6.79791e-05
9.39965e-05
7.59959e-05
8.00192e-05
7.39992e-05
7.50124e-05
9.19998e-05
0.00010401
8.00192e-05
9.29832e-05
8.40127e-05
0.000111997
6.49989e-05
8.10027e-05
8.10027e-05
7.60257e-05
6.80089e-05
9.99868e-05
7.09891e-05
6.50287e-05
8.49962e-05
7.90358e-05
7.49826e-05
0.00010097
7.49826e-05
7.90358e-05
7.50422e-05
7.79629e-05
7.39694e-05
6.90222e-05
7.80225e-05
0.000126958
7.90358e-05
8.30293e-05
7.49826e-05
7.99894e-05
7.49826e-05
7.80225e-05
0.001055
7.30157e-05
6.69956e-05
7.4029e-05
7.80225e-05
7.99894e-05
8.19564e-05
8.89897e-05
7.29561e-05
8.60095e-05
8.39829e-05
0.000275016
8.60095e-05
8.2016e-05
8.10027e-05
7.49826e-05
7.80225e-05
9.29832e-05
6.30021e-05
0.000100017
6.59823e-05
8.0049e-05
9.0003e-05
0.000203967
0.000109971
6.59823e-05
7.49826e-05
8.10027e-05
0.000100017
7.4029e-05
0.00010699
8.40425e-05
7.69496e-05
6.50287e-05
8.40425e-05
6.30021e-05
0.000115991
7.70092e-05
8.79765e-05
9.30429e-05
0.000131965
8.80361e-05
9.60231e-05
7.30157e-05
8.49962e-05
7.99894e-05
0.000126004
6.69956e-05
0.000123024
0.000103056
7.00355e-05
6.80089e-05
7.89762e-05
8.89897e-05
8.49962e-05
0.000101984
0.000105977
6.99759e-05
7.30157e-05
8.49962e-05
6.69956e-05
8.30293e-05
9.20296e-05
8.79765e-05
0.000207007
8.49962e-05
7.70092e-05
9.197e-05
8.60095e-05
0.000118017
8.49962e-05
6.90222e-05
8.49962e-05
8.09431e-05
8.30293e-05
7.99894e-05
7.89762e-05
0.000129998
8.70228e-05
8.89897e-05
0.000109017
0.000135005
0.000182033
0.000118971
9.197e-05
0.000105977
0.000147045
0.000123024
0.000151992
0.000118971
0.000112951
0.000105023
9.10163e-05
0.00010401
0.000105977
9.90033e-05
0.00010401
0.00011003
0.000369966
9.70364e-05
0.00010401
9.39965e-05
0.000133991
0.000149965
0.000105977
0.000116944
0.000118017
0.000129938
0.000109911
0.000198007
0.000123978
0.000216961
9.59635e-05
0.000101924
0.000200033
0.000103951
9.29832e-05
0.000116944
0.00010407
9.50098e-05
0.000137091
0.000105023
0.000149965
0.000117064
0.000123024
0.000128984
0.000138044
0.00011003
0.000121951
8.80957e-05
6.99759e-05
0.000155926
0.00011301
0.00010705
0.00010097
0.000127077
0.000122905
0.000102997
8.89301e-05
0.000120997
0.000150084
0.000138998
0.000120044
0.000138998
0.000123024
0.000134945
0.000120997
0.000137925
0.000118971
0.00011301
0.000157952
0.000115037
9.799e-05
0.000120997
0.00012207
0.000144005
0.000123978
0.000108957
0.000113964
0.000145912
0.000146985
0.000149965
0.000131011
0.000135064
0.000321984
0.000100017
8.60691e-05
7.90358e-05
7.99894e-05
0.000100017
7.4029e-05
8.79765e-05
7.90358e-05
8.01086e-05
0.000229955
0.000121951
0.000123024
7.20024e-05
8.70228e-05
7.79629e-05
9.39369e-05
0.000118017
7.79629e-05
9.50098e-05
0.000116944
6.90222e-05
0.000175953
8.09431e-05
9.0003e-05
0.000115991
9.799e-05
9.59635e-05
8.49962e-05
7.30753e-05
0.000120997
9.50098e-05
9.29832e-05
9.09567e-05
0.000118971
6.79493e-05
7.29561e-05
0.000115991
6.79493e-05
8.10623e-05
0.000103951
0.000128984
9.799e-05
0.00011003
7.09295e-05
9.89437e-05
0.000102043
9.20296e-05
9.29832e-05
9.69172e-05
9.0003e-05
7.70092e-05
9.50098e-05
0.000324011
0.000102997
7.60555e-05
0.000120997
8.49962e-05
8.69036e-05
8.09431e-05
9.70364e-05
0.000133991
0.000112057
0.000172019
0.000115991
0.000115037
0.000236034
0.000120997
8.80957e-05
6.79493e-05
0.000100017
0.000100017
6.80685e-05
8.40425e-05
7.49826e-05
0.000135064
7.90358e-05
9.60827e-05
0.000136971
0.000112057
8.40425e-05
8.09431e-05
8.51154e-05
0.000115037
8.60691e-05
9.81092e-05
0.000187993
6.49691e-05
0.00011003
8.29697e-05
8.49962e-05
9.20296e-05
7.99894e-05
8.59499e-05
9.81092e-05
9.19104e-05
0.000118971
8.60691e-05
6.40154e-05
8.79765e-05
0.000156045
8.60691e-05
0.000101924
0.00010407
6.38962e-05
8.09431e-05
8.49962e-05
9.09567e-05
8.70228e-05
0.000123024
8.2016e-05
8.79765e-05
8.69036e-05
0.000103951
7.99894e-05
0.000123978
0.000161052
8.09431e-05
9.89437e-05
9.39369e-05
8.39233e-05
0.000108957
9.09567e-05
0.000142932
7.90358e-05
9.69172e-05
7.59363e-05
8.30889e-05
8.49962e-05
9.50098e-05
8.2016e-05
8.2016e-05
8.40425e-05
0.000102997
0.00011003
8.39233e-05
0.000149012
9.90629e-05
0.000108004
0.000141978
0.000105023
0.000108957
0.00020802
0.000105977
6.49691e-05
0.000128031
6.69956e-05
0.000118017
8.40425e-05
7.20024e-05
8.49962e-05
6.99759e-05
7.29561e-05
0.000117064
0.00010407
8.70228e-05
0.000117064
8.70228e-05
7.89165e-05
0.000118971
0.000102043
8.70228e-05
0.000103951
0.000101924
9.799e-05
8.2016e-05
0.00013411
0.000108957
7.00951e-05
9.89437e-05
0.000215054
8.90493e-05
6.69956e-05
6.99759e-05
8.60691e-05
7.4029e-05
8.2016e-05
8.90493e-05
7.4029e-05
0.000126958
8.40425e-05
8.2016e-05
6.69956e-05
0.000133991
7.70092e-05
8.40425e-05
6.79493e-05
0.000144958
8.89301e-05
0.00011301
6.8903e-05
0.00012207
6.41346e-05
0.000100851
0.000148058
0.000145912
9.29832e-05
8.60691e-05
9.60827e-05
6.69956e-05
8.79765e-05
0.000166178
0.000110149
7.10487e-05
0.000102043
7.89165e-05
8.01086e-05
7.70092e-05
6.91414e-05
7.51019e-05
8.29697e-05
0.000101089
6.29425e-05
0.000108004
7.29561e-05
0.000125885
0.000102043
0.000102043
0.000104189
0.00015378
0.000127077
7.89165e-05
9.799e-05
8.41618e-05
9.39369e-05
0.00010705
7.89165e-05
8.10623e-05
8.98838e-05
8.01086e-05
0.000138998
9.41753e-05
7.79629e-05
8.2016e-05
8.70228e-05
7.00951e-05
0.000160933
6.98566e-05
7.89165e-05
0.000127077
0.000211954
0.000184059
8.01086e-05
8.2016e-05
0.00011301
7.70092e-05
0.000159025
6.79493e-05
9.5129e-05
8.01086e-05
8.70228e-05
0.000100136
8.4877e-05
6.98566e-05
8.91685e-05
0.000133991
7.08103e-05
8.29697e-05
7.79629e-05
7.82013e-05
8.70228e-05
0.000253201
8.79765e-05
0.000108957
7.39098e-05
9.91821e-05
9.39369e-05
0.000102997
7.00951e-05
9.60827e-05
0.000155926
8.29697e-05
6.60419e-05
0.00010705
9.20296e-05
8.70228e-05
7.29561e-05
9.10759e-05
0.000115156
6.58035e-05
6.60419e-05
0.000118971
7.51019e-05
0.000123978
0.000102043
0.000120163
0.00012207
0.000101089
7.10487e-05
0.000101089
8.32081e-05
9.89437e-05
0.000123978
0.000105858
8.51154e-05
0.000148058
9.5129e-05
0.000101089
8.39233e-05
7.51019e-05
8.89301e-05
0.000169992
8.70228e-05
0.000174046
0.000108957
8.41618e-05
6.50883e-05
0.000160217
8.70228e-05
0.00010705
8.10623e-05
7.29561e-05
0.000102043
7.29561e-05
7.00951e-05
9.29832e-05
8.01086e-05
8.10623e-05
8.79765e-05
8.89301e-05
8.98838e-05
8.10623e-05
9.48906e-05
0.000123024
0.000105858
6.79493e-05
9.70364e-05
8.29697e-05
7.60555e-05
9.29832e-05
0.000103951
8.01086e-05
6.79493e-05
9.29832e-05
0.000112057
9.799e-05
7.39098e-05
9.5129e-05
7.89165e-05
8.01086e-05
8.4877e-05
6.50883e-05
6.91414e-05
7.9155e-05
6.48499e-05
8.60691e-05
6.48499e-05
7.89165e-05
8.51154e-05
0.000148058
0.000112057
0.000113964
0.000113964
0.00011301
0.000127077
9.70364e-05
0.000127077
0.000154972
0.000133991
0.000102997
