10.7878,10.7931,6.85343e-06,6.74837e-06
10.4822,10.3003,-0.0217896,-0.0143274
10.5016,10.3194,-0.0238431,-0.0172004
10.4942,10.3219,-0.0248904,-0.0196664
10.4658,10.3039,-0.0275646,-0.0212056
10.4585,10.3071,-0.0303115,-0.0219851
10.4512,10.3103,-0.0323996,-0.0237938
10.4443,10.3132,-0.0342332,-0.0257807
10.4374,10.3161,-0.0365064,-0.0276519
10.4309,10.3189,-0.0379911,-0.0293114
10.4455,10.3417,-0.0396685,-0.0305262
10.4679,10.2948,-0.0414311,-0.0316104
10.4601,10.2992,-0.0430663,-0.0328585
10.4528,10.3031,-0.0437659,-0.0338266
10.4454,10.3071,-0.0450008,-0.0346574
10.4385,10.3108,-0.0453119,-0.0352783
10.4315,10.3144,-0.0460687,-0.0363049
10.4453,10.3386,-0.0457212,-0.0362859
10.4177,10.3214,-0.0456927,-0.0359769
10.4113,10.3246,-0.0451793,-0.0358484
10.426,10.348,-0.0442581,-0.0352356
10.3702,10.3758,-0.0430097,-0.0346073
10.3952,10.33,-0.0418265,-0.0323593
10.3898,10.3325,-0.0392266,-0.0304667
10.4046,10.3552,-0.0369643,-0.0282654
10.3987,10.3567,-0.034174,-0.0257306
10.3929,10.358,-0.0308168,-0.0222977
10.3876,10.3584,-0.0268845,-0.0191868
10.3554,10.4059,-0.0218492,-0.0167339
10.3803,10.354,-0.0184562,-0.0135831
10.347,10.4022,-0.014651,-0.0139418
10.3751,10.3445,-0.0130921,-0.0117381
10.3653,10.3516,-0.0122846,-0.0130684
10.3309,10.402,-0.0125429,-0.0157082
10.2988,10.4497,-0.0135109,-0.0203068
10.3226,10.4019,-0.0178616,-0.0219696
10.3159,10.4063,-0.0209704,-0.0249803
10.3093,10.4108,-0.0236104,-0.0271669
10.3067,10.4083,-0.0256282,-0.0281354
10.2677,10.4686,-0.0256115,-0.0282223
10.2637,10.4694,-0.0247042,-0.0273094
10.2605,10.4685,-0.0226997,-0.0275574
10.2587,10.4654,-0.0219916,-0.0275445
10.2568,10.4623,-0.0212235,-0.0273813
10.2554,10.4587,-0.0201115,-0.0262943
10.2547,10.4543,-0.018691,-0.0255761
10.2547,10.4495,-0.0173375,-0.024347
10.2548,10.4447,-0.0157452,-0.0230539
10.2552,10.4399,-0.0136886,-0.0213701
10.2561,10.435,-0.0118914,-0.0192881
10.2576,10.4301,-0.010595,-0.0169664
10.2637,10.4178,-0.00998868,-0.0140957
10.2605,10.4217,-0.0100419,-0.0121293
10.2602,10.4205,-0.0108438,-0.0108432
10.2594,10.4199,-0.0123114,-0.0104386
10.2574,10.4204,-0.0142268,-0.0108994
10.2548,10.4214,-0.0163812,-0.0121486
10.252,10.4222,-0.0184508,-0.0139143
10.2495,10.4223,-0.0200963,-0.0158392
10.2476,10.4212,-0.0210379,-0.0175695
10.2467,10.4188,-0.0210839,-0.0187904
10.2468,10.4154,-0.0201476,-0.0192504
10.2488,10.4104,-0.0199948,-0.0189921
10.2521,10.4047,-0.0201641,-0.0179409
10.2547,10.4003,-0.0199949,-0.0168448
10.2581,10.3943,-0.0195038,-0.0159532
10.2578,10.3948,-0.0189873,-0.0153314
10.2324,10.4401,-0.0173024,-0.0145149
10.2642,10.3875,-0.017334,-0.0129491
10.2655,10.3865,-0.0159482,-0.0120575
10.2683,10.3835,-0.0147294,-0.0114176
10.27,10.3828,-0.0140684,-0.0109724
10.2444,10.4308,-0.0127509,-0.0132665
10.2792,10.376,-0.013041,-0.0116648
10.2842,10.3716,-0.0130925,-0.0121807
10.2889,10.3679,-0.0135904,-0.0144766
10.2948,10.3619,-0.014371,-0.016209
10.301,10.3549,-0.0152797,-0.0178535
10.3071,10.3474,-0.0161389,-0.0191861
10.3114,10.3395,-0.0167088,-0.0199449
10.3221,10.3251,-0.0172049,-0.0199012
10.3218,10.3266,-0.0170412,-0.0196962
10.3244,10.3222,-0.0166113,-0.0192338
10.3266,10.3182,-0.0160103,-0.0189132
10.3285,10.3148,-0.0153397,-0.0185246
10.33,10.3118,-0.0146894,-0.0180842
10.3316,10.3089,-0.0141422,-0.0172927
10.333,10.3061,-0.013769,-0.0162365
10.3823,10.2741,-0.01408,-0.0145153
10.3338,10.3023,-0.0135165,-0.014348
10.382,10.2733,-0.0149145,-0.0136197
10.3808,10.2706,-0.0148315,-0.0127462
10.3758,10.2754,-0.0154798,-0.0131113
10.3715,10.2774,-0.0163704,-0.0138385
10.3398,10.3266,-0.0167,-0.0153242
10.3621,10.2789,-0.0183181,-0.0159555
10.3619,10.2772,-0.019199,-0.0169381
10.3579,10.2777,-0.0196097,-0.0178405
10.3541,10.2779,-0.0194531,-0.0183761
10.3505,10.2778,-0.0189223,-0.018549
10.3469,10.2778,-0.0179903,-0.0183183
10.344,10.2773,-0.0174491,-0.0177857
10.3416,10.2763,-0.0166023,-0.0170235
10.3393,10.2752,-0.0154868,-0.0161632
10.3372,10.2741,-0.0144606,-0.0153166
10.335,10.273,-0.0136641,-0.0146196
10.333,10.2719,-0.0132834,-0.0142329
10.3307,10.2709,-0.0133686,-0.014215
10.3284,10.2699,-0.0139411,-0.0146029
10.3261,10.2688,-0.0149221,-0.0153243
10.3235,10.2679,-0.0161863,-0.0162777
10.3209,10.2672,-0.0175532,-0.0173092
10.318,10.2667,-0.0188283,-0.0182451
10.2954,10.2453,-0.0197722,-0.0188741
10.3132,10.2661,-0.0203235,-0.0192051
10.3108,10.2656,-0.02028,-0.0190201
10.3082,10.2654,-0.0197571,-0.0184679
10.3059,10.265,-0.01872,-0.0175264
10.3039,10.2642,-0.0177194,-0.0163968
10.3019,10.2634,-0.0166946,-0.0152677
10.2999,10.2625,-0.0153963,-0.0142814
10.2979,10.2617,-0.0142971,-0.0135935
10.2959,10.2608,-0.0135673,-0.0133328
10.2938,10.26,-0.0133304,-0.0135689
10.2917,10.2593,-0.0136317,-0.0142947
10.2896,10.2587,-0.0144314,-0.0154245
10.2873,10.2584,-0.0155995,-0.0167973
10.2852,10.2582,-0.0169552,-0.0182085
10.2887,10.2486,-0.0183939,-0.0191924
10.281,10.2585,-0.0193852,-0.0203886
10.2788,10.2595,-0.0200431,-0.0207755
10.2775,10.2596,-0.0201312,-0.0204956
10.2763,10.2596,-0.0196434,-0.0196244
10.2752,10.2593,-0.0186332,-0.0186057
10.2775,10.2529,-0.0173889,-0.0176509
10.2726,10.2586,-0.0162942,-0.0170862
10.271,10.2586,-0.0149925,-0.01581
10.2694,10.2582,-0.0138613,-0.0146556
10.2677,10.2579,-0.0131229,-0.0138593
10.2661,10.2575,-0.0129143,-0.0135484
10.2643,10.2573,-0.0132368,-0.0137313
10.2626,10.257,-0.0141102,-0.0144178
10.2614,10.2565,-0.0153825,-0.015465
10.2601,10.2563,-0.0169284,-0.01703
10.2595,10.2557,-0.018444,-0.0183513
10.2592,10.2551,-0.0197489,-0.0194587
10.234,10.2982,-0.0204968,-0.0206186
10.2617,10.2512,-0.0209168,-0.0201547
10.2652,10.2449,-0.0205025,-0.0194775
10.2615,10.2504,-0.0192785,-0.0185876
10.233,10.2985,-0.0182167,-0.0177946
10.262,10.2478,-0.0176422,-0.0164203
10.2613,10.2473,-0.0163977,-0.0150277
10.2601,10.247,-0.014922,-0.013844
10.2601,10.2444,-0.0137556,-0.0129676
10.2571,10.2468,-0.0129456,-0.0127126
10.2554,10.2469,-0.0127312,-0.0129466
10.2505,10.2488,-0.0129942,-0.0137543
10.252,10.2471,-0.0140005,-0.0148691
10.2535,10.2423,-0.01538,-0.0162819
10.2494,10.2473,-0.0168132,-0.0179039
10.2503,10.2437,-0.0182365,-0.0190898
10.2193,10.2963,-0.0187424,-0.0204454
10.2485,10.2461,-0.0201008,-0.0205103
10.2481,10.2461,-0.0201767,-0.0202475
10.2476,10.2462,-0.0196076,-0.0193551
10.2469,10.2462,-0.0184045,-0.018548
10.2461,10.246,-0.0176058,-0.017773
10.245,10.2461,-0.016424,-0.0165682
10.244,10.2459,-0.0150542,-0.0154873
10.2429,10.2457,-0.0138197,-0.014236
10.2417,10.2455,-0.0128823,-0.0132765
10.2419,10.2429,-0.0124853,-0.0127269
10.2392,10.2453,-0.0125134,-0.0128078
10.238,10.2453,-0.0131955,-0.0134069
10.237,10.2451,-0.01435,-0.0144458
10.236,10.245,-0.0158426,-0.0158078
10.2354,10.2446,-0.0174347,-0.0172647
10.2348,10.2444,-0.0188382,-0.0185584
10.2346,10.2439,-0.0198868,-0.0195095
10.2345,10.2435,-0.020355,-0.0199232
10.2344,10.243,-0.0201418,-0.0197079
10.2063,10.2908,-0.0186599,-0.0194931
10.236,10.2397,-0.0182788,-0.01772
10.2353,10.2394,-0.0177496,-0.016863
10.2345,10.2394,-0.0165652,-0.01548
10.2335,10.2394,-0.0151273,-0.0145551
10.2326,10.2394,-0.013835,-0.0135206
10.2316,10.2394,-0.0128757,-0.0128345
10.2306,10.2395,-0.0124077,-0.0126282
10.2297,10.2396,-0.0124947,-0.012942
10.2289,10.2396,-0.0131693,-0.013786
10.2282,10.2395,-0.0143137,-0.0150269
10.2276,10.2394,-0.0157484,-0.0164832
10.2271,10.2391,-0.0172494,-0.0179313
10.2267,10.2389,-0.0185733,-0.0191379
10.2263,10.2388,-0.0194946,-0.0199052
10.2261,10.2384,-0.0198576,-0.0200706
10.226,10.2381,-0.01958,-0.0195861
10.2258,10.2378,-0.0186851,-0.0184954
10.2253,10.2376,-0.0176389,-0.0177001
10.2248,10.2376,-0.0165368,-0.0169004
10.2243,10.2375,-0.0155135,-0.0157987
10.2238,10.2375,-0.0142325,-0.014474
10.2232,10.2375,-0.0131632,-0.0133636
10.2227,10.2377,-0.0125268,-0.0126565
10.2221,10.2379,-0.0124017,-0.0124682
10.2215,10.2381,-0.0128089,-0.012814
10.2211,10.2383,-0.0137828,-0.0137299
10.2207,10.2384,-0.0151361,-0.0150386
10.2204,10.2383,-0.0166681,-0.0165412
10.2202,10.2381,-0.0181385,-0.0180013
10.2202,10.2378,-0.0193072,-0.0191805
10.2203,10.2374,-0.0199733,-0.0198769
10.22,10.2365,-0.0200088,-0.0199547
10.2205,10.2365,-0.0193786,-0.0193859
10.2205,10.2363,-0.0181326,-0.0182028
10.2203,10.2363,-0.0176561,-0.0173959
10.2202,10.2362,-0.0165511,-0.0163186
10.2173,10.2337,-0.0156153,-0.015282
10.2192,10.2357,-0.0145833,-0.0141178
10.2195,10.2365,-0.0136859,-0.0132122
10.2191,10.237,-0.013148,-0.0126922
10.2189,10.2373,-0.0130894,-0.0127291
10.1911,10.2854,-0.012929,-0.0136841
10.2213,10.2346,-0.0145966,-0.0141506
10.2213,10.2346,-0.0157999,-0.0154381
10.221,10.2348,-0.0170547,-0.0168358
10.221,10.2348,-0.0182214,-0.0181554
10.2211,10.2346,-0.0190622,-0.0191489
10.2213,10.2344,-0.0194724,-0.0196996
10.2215,10.2342,-0.0193599,-0.0197019
10.2216,10.2341,-0.0186292,-0.0190471
10.2218,10.2339,-0.0174917,-0.0179414
10.2023,10.2129,-0.0169833,-0.0171147
10.2222,10.2345,-0.0157619,-0.0161153
10.1935,10.2838,-0.0142181,-0.0155038
10.1948,10.2824,-0.0133847,-0.014298
10.1964,10.2809,-0.0128954,-0.0133689
10.1691,10.3288,-0.0124844,-0.01378
10.172,10.3257,-0.0132412,-0.0137565
10.1746,10.323,-0.0141191,-0.0141473
10.1775,10.3199,-0.0154414,-0.0149319
10.1803,10.3168,-0.0168876,-0.0159634
10.1831,10.3137,-0.0182387,-0.0170622
10.1859,10.3106,-0.0192889,-0.0180352
10.1887,10.3075,-0.0198692,-0.0187068
10.1913,10.3047,-0.0198702,-0.0189558
10.1939,10.3019,-0.0192499,-0.0186748
10.1687,10.3472,-0.0178142,-0.0185923
10.202,10.2928,-0.0175176,-0.016752
10.2047,10.2899,-0.0167651,-0.0155533
10.2067,10.2879,-0.015427,-0.0144251
10.2086,10.2858,-0.0144974,-0.0134447
10.183,10.3318,-0.013019,-0.0134369
10.2156,10.2785,-0.0133009,-0.0124747
10.2173,10.2769,-0.0133483,-0.0128165
10.2198,10.2743,-0.0138495,-0.0136303
10.2219,10.2723,-0.0147225,-0.0148427
10.2238,10.2703,-0.0158529,-0.0163001
10.2255,10.2685,-0.0170701,-0.0178037
10.228,10.2652,-0.0181711,-0.0190498
10.2285,10.2653,-0.0188149,-0.019892
10.2297,10.2641,-0.0191464,-0.0202488
10.2309,10.2629,-0.0189563,-0.019958
10.2322,10.2616,-0.018187,-0.0189631
10.233,10.2608,-0.0171016,-0.0182864
10.2337,10.259,-0.0158912,-0.017459
10.2355,10.2582,-0.014688,-0.0163171
10.2447,10.2433,-0.0138028,-0.0148677
10.2383,10.2554,-0.0128575,-0.0141168
10.2392,10.255,-0.0125629,-0.0134215
10.2407,10.2536,-0.0127615,-0.0131238
10.2421,10.2525,-0.0134778,-0.0133489
10.2432,10.2514,-0.0146109,-0.0140394
10.244,10.2508,-0.0160085,-0.0150785
10.2467,10.2464,-0.0175039,-0.016176
10.245,10.2498,-0.0187732,-0.0175189
10.2453,10.2497,-0.0197109,-0.0184895
10.2939,10.2215,-0.0204824,-0.0187686
10.2926,10.2228,-0.0202052,-0.0190275
10.2912,10.2241,-0.0193128,-0.0187415
10.2901,10.2251,-0.0185653,-0.0179303
10.2891,10.2259,-0.0177375,-0.0168473
10.2899,10.224,-0.016626,-0.015587
10.2872,10.2276,-0.0155184,-0.0145133
10.2863,10.2285,-0.0142786,-0.0135342
10.2856,10.2291,-0.0133521,-0.0128816
10.2851,10.2297,-0.0128636,-0.0126713
10.2846,10.2302,-0.0129184,-0.0129849
10.284,10.2308,-0.0135202,-0.0138043
10.2833,10.2314,-0.0145798,-0.0150198
10.2825,10.2322,-0.015912,-0.0164386
10.2815,10.2331,-0.0173828,-0.017914
10.2845,10.2269,-0.0187808,-0.0189358
10.2789,10.2356,-0.0195719,-0.0199481
10.273,10.2401,-0.0199754,-0.0202747
10.2761,10.2383,-0.0198154,-0.019785
10.2748,10.2403,-0.0189866,-0.0187778
10.2761,10.2369,-0.017706,-0.0181696
10.2724,10.2426,-0.0169328,-0.0172917
10.2716,10.2436,-0.0158408,-0.0161978
10.266,10.2471,-0.0144767,-0.0149668
10.2703,10.2448,-0.0135527,-0.0136533
10.2703,10.2451,-0.0128552,-0.0128216
10.2697,10.2458,-0.0126731,-0.0125446
10.2692,10.2464,-0.0130804,-0.0128714
10.2702,10.2424,-0.0140878,-0.0135838
10.268,10.2476,-0.0153024,-0.0150254
10.2672,10.2486,-0.0167974,-0.0165176
10.2664,10.2495,-0.0183025,-0.0180252
10.2658,10.2503,-0.0195162,-0.0192442
10.265,10.2512,-0.0202335,-0.0199997
10.2642,10.2523,-0.0202938,-0.020102
10.2636,10.253,-0.0197216,-0.0196027
10.2631,10.2537,-0.018535,-0.0185139
10.2627,10.2542,-0.0180655,-0.0177279
10.2622,10.2549,-0.017229,-0.0166522
10.2617,10.2555,-0.0157826,-0.015543
10.2343,10.3027,-0.0141383,-0.0149668
10.2357,10.3016,-0.013075,-0.0138709
10.2653,10.2515,-0.0129289,-0.0125686
10.2651,10.2518,-0.0128059,-0.0125371
10.2645,10.2526,-0.0132274,-0.013086
10.3132,10.2246,-0.0148479,-0.0134737
10.3111,10.2266,-0.0159939,-0.0150006
10.3087,10.2289,-0.0172803,-0.0167077
10.3062,10.2313,-0.0184757,-0.0183017
10.3074,10.2275,-0.0194821,-0.0194065
10.3512,10.2067,-0.0201241,-0.0196612
10.3473,10.2107,-0.0198642,-0.0198826
10.3432,10.2146,-0.0190273,-0.0194462
10.3394,10.2182,-0.0180166,-0.0184347
10.3357,10.2215,-0.0171111,-0.017686
10.3321,10.2248,-0.0156928,-0.0166678
10.3286,10.228,-0.0143082,-0.0156587
10.3253,10.231,-0.0131673,-0.014488
10.3228,10.2327,-0.0124702,-0.0135806
10.3189,10.2369,-0.0122717,-0.0131622
10.3174,10.2368,-0.0127206,-0.0130766
10.3148,10.2388,-0.0136269,-0.0135013
10.3091,10.246,-0.0149803,-0.0147561
10.306,10.2489,-0.0166324,-0.0159984
10.3033,10.2513,-0.0182896,-0.0172679
10.3009,10.2535,-0.0196917,-0.0183622
10.2986,10.2556,-0.0206205,-0.0191001
10.2967,10.2574,-0.0208709,-0.0193028
10.2949,10.259,-0.0204111,-0.0189509
10.293,10.2607,-0.0193108,-0.0181085
10.2911,10.2624,-0.0187965,-0.0169061
10.289,10.2642,-0.0178776,-0.015909
10.2869,10.2661,-0.0169671,-0.0147217
10.2847,10.2681,-0.0155094,-0.0136925
10.2823,10.2703,-0.014193,-0.0129494
10.3285,10.2443,-0.0135424,-0.0119647
10.3247,10.2477,-0.0128882,-0.012246
10.3208,10.2512,-0.0127866,-0.0130831
10.3173,10.2544,-0.0132947,-0.0144189
10.3141,10.2571,-0.0142949,-0.0160672
10.319,10.246,-0.0159557,-0.0174793
10.3126,10.2542,-0.0170142,-0.019199
10.3052,10.2647,-0.0181005,-0.0206678
10.3027,10.267,-0.0189554,-0.0212798
10.3005,10.2689,-0.0193513,-0.0220436
10.2988,10.2703,-0.0192329,-0.0214017
10.2964,10.2724,-0.0185108,-0.0207123
10.294,10.2744,-0.0173991,-0.0201753
10.2914,10.2766,-0.0163723,-0.0198772
10.2887,10.279,-0.0151223,-0.0188656
10.2862,10.2811,-0.0139907,-0.0178233
10.2838,10.2831,-0.0131121,-0.0165532
10.2814,10.2851,-0.0125712,-0.0151374
10.2791,10.2872,-0.0125153,-0.0140638
10.2763,10.2897,-0.0129607,-0.0134578
10.2738,10.2918,-0.0139148,-0.0133677
10.2438,10.3418,-0.0149005,-0.0144225
10.2722,10.2923,-0.0169314,-0.0144919
10.271,10.2931,-0.0185123,-0.0155838
10.2698,10.294,-0.019829,-0.0167629
10.2693,10.2943,-0.0207457,-0.0178484
10.269,10.2943,-0.0210675,-0.0186342
10.2691,10.294,-0.0206661,-0.0189437
10.2691,10.2938,-0.0195865,-0.0187587
10.2685,10.2942,-0.0191551,-0.0181452
10.2674,10.295,-0.0186618,-0.0172967
10.2667,10.2954,-0.018072,-0.0162816
10.2657,10.2961,-0.0168477,-0.0152679
10.2645,10.297,-0.0153676,-0.0143318
10.2632,10.2979,-0.01405,-0.013614
10.262,10.2989,-0.0131063,-0.0132505
10.2604,10.3003,-0.0126508,-0.0133248
10.2593,10.3011,-0.0127734,-0.0138944
10.2993,10.278,-0.0134919,-0.0143482
10.292,10.2701,-0.0153539,-0.0156583
10.3029,10.2757,-0.0158003,-0.0169553
10.3022,10.277,-0.0170167,-0.0183829
10.301,10.2778,-0.0180925,-0.0195224
10.2999,10.2784,-0.0188466,-0.0201872
10.2989,10.279,-0.0191483,-0.0202495
10.27,10.3278,-0.0186082,-0.0200048
10.2991,10.2774,-0.0182925,-0.0187543
10.298,10.278,-0.0172674,-0.0180165
10.2957,10.2798,-0.0160569,-0.0172673
10.2939,10.2812,-0.0148645,-0.0161856
10.292,10.2825,-0.013813,-0.0151568
10.2901,10.2839,-0.0130502,-0.0140408
10.2882,10.2855,-0.0127096,-0.0132793
10.2861,10.2871,-0.012846,-0.0129772
10.2842,10.2886,-0.0135068,-0.0132189
10.2823,10.2901,-0.0146097,-0.0139705
10.2809,10.291,-0.0159969,-0.0151028
10.2805,10.2904,-0.0174333,-0.0163427
10.2791,10.2918,-0.0187643,-0.0177213
10.2788,10.2917,-0.0197514,-0.0188196
10.2788,10.2913,-0.0201835,-0.0194587
10.2789,10.2907,-0.0200267,-0.019587
10.2776,10.2911,-0.0192224,-0.0191561
10.2787,10.29,-0.0182533,-0.0181236
10.2785,10.2898,-0.0177891,-0.016823
10.2817,10.283,-0.01671,-0.0159051
10.2764,10.2909,-0.0152454,-0.0149798
10.275,10.292,-0.0139903,-0.0139572
10.2746,10.2915,-0.0130713,-0.0131764
10.2728,10.2935,-0.0125807,-0.0129103
10.2717,10.2943,-0.01268,-0.0131427
10.2707,10.2949,-0.0133104,-0.0138539
10.2415,10.3443,-0.0137864,-0.0153626
10.2422,10.343,-0.0151827,-0.0164889
10.2443,10.3398,-0.0168219,-0.0177274
10.2454,10.3384,-0.0183133,-0.0188947
10.2473,10.336,-0.0194541,-0.0196756
10.2968,10.3041,-0.0207483,-0.0196843
10.298,10.3041,-0.0219864,-0.0197121
10.2865,10.3083,-0.0195459,-0.0189722
10.2948,10.3002,-0.0184981,-0.0178314
10.2976,10.3019,-0.0179772,-0.0170392
10.2968,10.3022,-0.0171576,-0.0164657
10.2954,10.303,-0.0158163,-0.0152337
10.2942,10.3033,-0.0146028,-0.0142306
10.2932,10.3036,-0.0136433,-0.0134987
10.292,10.304,-0.0130518,-0.0131373
10.2635,10.3522,-0.0126356,-0.0137097
10.2933,10.3008,-0.0136131,-0.0138309
10.2937,10.2991,-0.0145887,-0.014856
10.2921,10.3004,-0.0157914,-0.0162291
10.2916,10.3001,-0.0171032,-0.017618
10.2916,10.2993,-0.0182939,-0.0188236
10.2634,10.3472,-0.0188477,-0.0203059
10.2936,10.2955,-0.019727,-0.0199056
10.294,10.2943,-0.019618,-0.0196255
10.2934,10.2943,-0.018918,-0.0187917
10.293,10.2939,-0.0178124,-0.0178481
10.2645,10.342,-0.0164822,-0.0177509
10.2654,10.3401,-0.0153527,-0.0163292
10.2385,10.3865,-0.0138853,-0.0158836
10.2699,10.3333,-0.0135353,-0.013908
10.2432,10.3794,-0.0127122,-0.0134547
10.2743,10.3266,-0.0132152,-0.0126036
10.2752,10.3248,-0.0137241,-0.0128064
10.2757,10.3233,-0.014623,-0.0135539
10.2762,10.322,-0.0158256,-0.0147271
10.2693,10.389,-0.0168252,-0.0167426
10.2711,10.3857,-0.0182649,-0.0181067
10.2733,10.3819,-0.0193903,-0.0191951
10.2755,10.3781,-0.0200567,-0.0198948
10.2776,10.3744,-0.0200848,-0.0200093
10.2796,10.3709,-0.019502,-0.0195487
10.2789,10.3689,-0.0186986,-0.0185701
10.2806,10.3614,-0.0179811,-0.017446
10.2849,10.3605,-0.0168211,-0.0162883
10.2868,10.3574,-0.0158136,-0.0149552
10.2877,10.3549,-0.0146014,-0.0137733
10.2881,10.3522,-0.0134946,-0.0129172
10.2822,10.3534,-0.0127764,-0.0126269
10.2927,10.3451,-0.0129932,-0.0126172
10.2947,10.3418,-0.013521,-0.013336
10.2961,10.339,-0.0144879,-0.0145457
10.2972,10.3364,-0.0157699,-0.0160274
10.2981,10.334,-0.0172057,-0.0176484
10.2988,10.3317,-0.0184996,-0.0190912
10.2993,10.3299,-0.0194754,-0.0201578
10.2983,10.3289,-0.0199097,-0.02066
10.3006,10.3254,-0.0198208,-0.0204004
10.3484,10.2966,-0.0193043,-0.0193019
10.3976,10.2659,-0.01877,-0.0177285
10.3929,10.2692,-0.0182142,-0.0171666
10.3908,10.2698,-0.0170285,-0.0164755
10.3882,10.2706,-0.0158079,-0.015304
10.3856,10.2714,-0.0144941,-0.0142211
10.3833,10.2719,-0.0135146,-0.0134415
10.3811,10.2723,-0.012985,-0.0130719
10.3788,10.2728,-0.0129861,-0.0131843
10.3767,10.2732,-0.0135302,-0.0137791
10.3741,10.274,-0.0145727,-0.0148111
10.3717,10.2747,-0.0159331,-0.0160849
10.3687,10.276,-0.0174349,-0.0174357
10.3658,10.2771,-0.0187984,-0.0186072
10.3628,10.2784,-0.0198359,-0.0194297
10.3596,10.28,-0.0203818,-0.0197738
10.3567,10.2813,-0.0203013,-0.0195112
10.4036,10.2535,-0.0198098,-0.0179518
10.3994,10.2559,-0.0187124,-0.0170375
10.395,10.2584,-0.0178165,-0.0160956
10.3945,10.2545,-0.0166826,-0.0150074
10.3868,10.2628,-0.015099,-0.0141945
10.3828,10.2651,-0.0138048,-0.013473
10.3794,10.2667,-0.0128857,-0.0131022
10.3761,10.2683,-0.0125161,-0.0132199
10.373,10.2697,-0.012719,-0.0138038
10.3716,10.2681,-0.013524,-0.014752
10.3665,10.2727,-0.014728,-0.0161133
10.363,10.2745,-0.0162282,-0.0175001
10.3595,10.2763,-0.0177549,-0.0187408
10.3557,10.2784,-0.0190509,-0.0196339
10.3522,10.2802,-0.0199273,-0.0200253
10.3209,10.3302,-0.0195845,-0.0204557
10.348,10.2809,-0.0200022,-0.0188548
10.3445,10.2828,-0.0190157,-0.0181623
10.3413,10.2844,-0.0179407,-0.0174116
10.3383,10.2857,-0.0168303,-0.0163481
10.3353,10.2871,-0.015719,-0.0153847
10.3326,10.2883,-0.0144738,-0.0143478
10.3298,10.2895,-0.0134469,-0.0135725
10.3272,10.2905,-0.0128651,-0.0132294
10.3246,10.2917,-0.0127841,-0.0133594
10.3222,10.2926,-0.0132522,-0.0139699
10.292,10.3416,-0.0135881,-0.0153432
10.3203,10.291,-0.0156488,-0.016112
10.3182,10.2915,-0.0171282,-0.017429
10.3159,10.2923,-0.0184888,-0.0186101
10.3135,10.2933,-0.0195167,-0.019438
10.3114,10.294,-0.0200147,-0.0197498
10.2815,10.3428,-0.0192832,-0.0198144
10.3101,10.292,-0.0193476,-0.018587
10.3083,10.2924,-0.018217,-0.0174061
10.3054,10.294,-0.0174157,-0.0166834
10.3029,10.2952,-0.0163071,-0.0154263
10.3009,10.2957,-0.014939,-0.0142119
10.2706,10.345,-0.0131204,-0.0138636
10.2988,10.2948,-0.013016,-0.0125036
10.2969,10.2954,-0.01272,-0.0124428
10.2672,10.3441,-0.012397,-0.0133646
10.2953,10.294,-0.0139571,-0.013901
10.2936,10.2944,-0.0152113,-0.0153019
10.2639,10.3431,-0.0160337,-0.0172338
10.2927,10.2923,-0.0182205,-0.0182836
10.2914,10.2922,-0.019422,-0.0194895
10.29,10.2925,-0.020095,-0.0201836
10.2886,10.2926,-0.0201775,-0.0202763
10.2872,10.2929,-0.0195856,-0.0196924
10.2856,10.2933,-0.0183818,-0.0185056
10.2842,10.2934,-0.0178697,-0.0180505
10.2824,10.2939,-0.016754,-0.0169711
10.281,10.2942,-0.0153526,-0.0159082
10.2796,10.2944,-0.0144024,-0.0145973
10.2782,10.2947,-0.013459,-0.0135749
10.2767,10.2951,-0.0129562,-0.0129803
10.2753,10.2954,-0.0129479,-0.0128827
10.2739,10.2957,-0.0134897,-0.0133411
10.2726,10.2959,-0.0144757,-0.0142562
10.2749,10.29,-0.0159608,-0.0153731
10.2702,10.2961,-0.0172292,-0.0169932
10.2691,10.2962,-0.018543,-0.0183667
10.268,10.2963,-0.0196367,-0.019512
10.2719,10.2882,-0.0200579,-0.0197118
10.2669,10.2953,-0.0198355,-0.0199431
10.2661,10.2953,-0.0190927,-0.0193376
10.2673,10.2918,-0.0178179,-0.0180295
10.2646,10.2947,-0.0170342,-0.0173501
10.2643,10.2938,-0.0163823,-0.0162652
10.263,10.2945,-0.0150319,-0.0150204
10.2624,10.2942,-0.0135948,-0.0138856
10.2616,10.294,-0.0127741,-0.0130415
10.2604,10.2934,-0.0124617,-0.0126737
10.2579,10.2918,-0.0126681,-0.0128159
10.2592,10.2935,-0.0135422,-0.0136318
10.2588,10.2934,-0.0147868,-0.0148217
10.2582,10.2931,-0.0162642,-0.0162762
10.2579,10.2925,-0.0177649,-0.0177666
10.2575,10.292,-0.0190498,-0.0190669
10.2574,10.2913,-0.0198689,-0.019916
10.2574,10.2906,-0.0201322,-0.0202218
10.2574,10.2899,-0.0197358,-0.0198723
10.2568,10.2898,-0.0186996,-0.0188974
10.2566,10.2892,-0.017625,-0.0181478
10.2562,10.2887,-0.0168235,-0.0173281
10.228,10.3366,-0.0152191,-0.0166389
10.2583,10.2847,-0.0147978,-0.0148648
10.2578,10.2844,-0.0138197,-0.0137541
10.2574,10.2842,-0.0132213,-0.0130073
10.2567,10.2842,-0.0130367,-0.0127228
10.2562,10.2841,-0.0133854,-0.012999
10.2558,10.2839,-0.0142051,-0.0138026
10.2554,10.2836,-0.0153404,-0.0146349
10.2549,10.2834,-0.0166391,-0.0160246
10.2547,10.2829,-0.0179185,-0.0174585
10.2547,10.2822,-0.0189412,-0.0186856
10.2549,10.2814,-0.0195953,-0.0195683
10.2548,10.281,-0.0197381,-0.0199588
10.2547,10.2804,-0.0192883,-0.019731
10.2548,10.2797,-0.0182935,-0.0188869
10.2549,10.2791,-0.0171866,-0.0178136
10.2545,10.2788,-0.0164942,-0.0167239
10.2266,10.3265,-0.0146157,-0.0163135
10.2572,10.2745,-0.0142062,-0.014255
10.2574,10.2737,-0.0133345,-0.0131971
10.2567,10.274,-0.0128594,-0.0125886
10.2564,10.2738,-0.0128895,-0.0125021
10.2286,10.3215,-0.0130702,-0.0135801
10.2588,10.2701,-0.0146147,-0.0138363
10.2585,10.2698,-0.0159285,-0.0151519
10.2582,10.2696,-0.0173486,-0.0166542
10.2577,10.2696,-0.018633,-0.0181115
10.2576,10.2692,-0.019612,-0.019296
10.2575,10.2688,-0.0200689,-0.0199839
10.2575,10.2685,-0.0198808,-0.0200203
10.2572,10.2683,-0.0190841,-0.0194303
10.2572,10.2679,-0.0181181,-0.0182824
10.257,10.2676,-0.0173458,-0.017596
10.257,10.2672,-0.0162674,-0.0164758
10.2568,10.2669,-0.0149465,-0.0154784
10.2568,10.2664,-0.0137471,-0.014233
10.257,10.2659,-0.0129178,-0.0132987
10.2571,10.2654,-0.0125617,-0.0128066
10.2572,10.2649,-0.0127546,-0.0128488
10.2297,10.3124,-0.0128866,-0.0138215
10.2602,10.2608,-0.014825,-0.0143615
10.2603,10.2603,-0.0163081,-0.0157124
10.2589,10.259,-0.0178067,-0.0171639
10.2596,10.26,-0.019127,-0.0185115
10.2592,10.2601,-0.0200239,-0.019809
10.2589,10.2602,-0.0203842,-0.0203441
10.2586,10.2602,-0.0200804,-0.0202049
10.2582,10.2604,-0.019123,-0.0194032
10.2581,10.2602,-0.0183481,-0.0183595
10.2585,10.259,-0.0175582,-0.0175284
10.2578,10.2597,-0.0163917,-0.0164331
10.2577,10.2595,-0.0149819,-0.0150126
10.2577,10.2592,-0.0137592,-0.0137663
10.2578,10.2589,-0.0128981,-0.0128732
10.2578,10.2587,-0.0125354,-0.0124869
10.2579,10.2584,-0.0127562,-0.012682
10.2578,10.2582,-0.01353,-0.0134409
10.2578,10.2579,-0.0147534,-0.0146564
10.2578,10.2577,-0.0162728,-0.0161832
10.2576,10.2576,-0.017808,-0.0177358
10.2573,10.2576,-0.0191669,-0.0191198
10.2571,10.2576,-0.0200839,-0.0200589
10.2566,10.258,-0.0203733,-0.0203824
10.2563,10.2582,-0.0200238,-0.0200532
10.2617,10.2486,-0.0191226,-0.0187819
10.2556,10.2583,-0.0182158,-0.0183148
10.2552,10.2588,-0.0173858,-0.0174981
10.2551,10.2587,-0.0162755,-0.0163664
10.2552,10.2584,-0.0148947,-0.0149731
10.2546,10.2588,-0.0136954,-0.0137754
10.2553,10.2578,-0.0128812,-0.0129159
10.2506,10.2604,-0.0124636,-0.0126786
10.2557,10.2571,-0.0128334,-0.0127792
10.2562,10.2566,-0.0136481,-0.0135487
10.2552,10.2553,-0.0148867,-0.0147638
10.2562,10.2562,-0.0163953,-0.0162726
10.2561,10.2563,-0.0178947,-0.0177768
10.2558,10.2564,-0.0192018,-0.019096
10.2555,10.2566,-0.0200649,-0.0199775
10.255,10.2571,-0.0203135,-0.0202638
10.2547,10.2574,-0.0199083,-0.0198738
10.2542,10.2577,-0.0188359,-0.0188365
10.2541,10.2578,-0.0180258,-0.0180343
10.2539,10.2578,-0.0171965,-0.0172019
10.254,10.2576,-0.0160857,-0.0158008
10.2533,10.2568,-0.014782,-0.0148049
10.2541,10.2571,-0.0136762,-0.0137464
10.2544,10.2569,-0.0129447,-0.013046
10.2546,10.2567,-0.0127101,-0.0128277
10.2352,10.2355,-0.0130393,-0.0131482
10.2555,10.2566,-0.0138374,-0.0139667
10.2542,10.2575,-0.0150203,-0.0151818
10.2273,10.305,-0.0161131,-0.0171743
10.2576,10.254,-0.0180524,-0.0178258
10.2572,10.2543,-0.0192698,-0.0189851
10.2566,10.2549,-0.0200196,-0.0197012
10.2282,10.3036,-0.0195601,-0.0204667
10.2583,10.2529,-0.019866,-0.0191953
10.2582,10.2529,-0.0188146,-0.0181232
10.2579,10.2531,-0.0179893,-0.0173549
10.2577,10.2533,-0.0168548,-0.0162917
10.2576,10.2534,-0.0157879,-0.0149773
