0.001
0.013
0.025
0.036
0.049
0.061
0.073
0.085
0.097
0.109
0.121
0.133
0.145
0.157
0.169
0.181
0.193
0.205
0.217
0.229
0.241
0.253
0.265
0.277
0.289
0.301
0.313
0.325
0.337
0.349
0.361
0.373
0.385
0.397
0.408
0.421
0.433
0.445
0.457
0.469
0.481
0.493
0.505
0.517
0.529
0.541
0.553
0.565
0.577
0.589
0.601
0.613
0.625
0.637
0.649
0.661
0.673
0.685
0.696
0.708
0.72
0.733
0.745
0.757
0.769
0.781
0.793
0.805
0.817
0.828
0.841
0.852
0.864
0.876
0.889
0.901
0.913
0.925
0.937
0.949
0.961
0.973
0.985
0.997
1.009
1.021
1.033
1.045
1.057
1.069
1.081
1.093
1.105
1.117
1.129
1.14
1.152
1.164
1.176
1.189
1.201
1.213
1.225
1.237
1.249
1.261
1.273
1.285
1.297
1.309
1.321
1.333
1.345
1.357
1.369
1.38
1.392
1.404
1.417
1.428
1.441
1.452
1.465
1.477
1.489
1.501
1.513
1.524
1.536
1.549
1.56
1.573
1.585
1.597
1.609
1.621
1.633
1.645
1.656
1.669
1.68
1.692
1.705
1.717
1.729
1.741
1.753
1.765
1.777
1.789
1.801
1.813
1.824
1.836
1.848
1.861
1.873
1.885
1.896
1.909
1.921
1.932
1.945
1.957
1.968
1.981
1.993
2.005
2.017
2.029
2.041
2.053
2.065
2.077
2.089
2.101
2.113
2.125
2.137
2.149
2.161
2.173
2.185
2.197
2.209
2.221
2.233
2.245
2.257
2.269
2.281
2.293
2.305
2.317
2.329
2.341
2.353
2.365
2.377
2.389
2.401
2.413
2.425
2.437
2.449
2.461
2.473
2.485
2.497
2.509
2.521
2.533
2.545
2.557
2.569
2.581
2.593
2.605
2.617
2.629
2.641
2.653
2.665
2.677
2.689
2.701
2.713
2.725
2.737
2.749
2.761
2.773
2.785
2.797
2.809
2.821
2.832
2.844
2.856
2.869
2.881
2.893
2.904
2.916
2.929
2.94
2.952
2.964
2.975
2.989
3.001
3.013
3.025
3.037
3.049
3.061
3.073
3.084
3.097
3.109
3.121
3.133
3.145
3.157
3.169
3.181
3.193
3.205
3.217
3.229
3.241
3.253
3.265
3.277
3.289
3.301
3.313
3.325
3.336
3.349
3.361
3.373
3.385
3.397
3.409
3.421
3.433
3.445
3.457
3.469
3.481
3.493
3.505
3.517
3.529
3.541
3.553
3.565
3.577
3.588
3.601
3.613
3.625
3.637
3.649
3.661
3.673
3.685
3.697
3.709
3.721
3.733
3.745
3.757
3.769
3.781
3.793
3.805
3.817
3.829
3.841
3.853
3.865
3.877
3.889
3.901
3.913
3.925
3.937
3.949
3.961
3.973
3.985
3.997
4.009
4.021
4.033
4.045
4.057
4.069
4.081
4.093
4.105
4.117
4.129
4.141
4.153
4.165
4.177
4.189
4.201
4.213
4.225
4.237
4.249
4.261
4.273
4.285
4.297
4.309
4.321
4.333
4.345
4.357
4.369
4.381
4.393
4.405
4.417
4.428
4.441
4.453
4.465
4.477
4.489
4.501
4.513
4.525
4.537
4.549
4.561
4.573
4.585
4.597
4.609
4.621
4.633
4.645
4.657
4.668
4.681
4.693
4.705
4.716
4.729
4.74
4.752
4.765
4.776
4.789
4.801
4.813
4.824
4.836
4.849
4.861
4.873
4.885
4.897
4.909
4.921
4.933
4.945
4.956
4.969
4.981
4.993
5.005
5.017
5.029
5.041
5.053
5.065
5.077
5.088
5.1
5.113
5.125
5.136
5.149
5.161
5.173
5.185
5.197
5.209
5.221
5.233
5.245
5.257
5.269
5.281
5.292
5.305
5.316
5.328
5.341
5.353
5.365
5.377
5.389
5.401
5.412
5.425
5.437
5.449
5.458
5.473
5.485
5.497
5.509
5.521
5.532
5.545
5.557
5.568
5.581
5.589
5.604
5.617
5.629
5.641
5.652
5.664
5.676
5.688
5.7
5.712
5.725
5.737
5.746
5.761
5.773
5.785
5.797
5.809
5.821
5.833
5.845
5.857
5.869
5.881
5.893
5.905
5.917
5.929
5.941
5.953
5.965
5.976
5.989
6.001
6.013
6.025
6.037
6.049
6.061
6.073
6.085
6.097
6.109
6.121
6.133
6.145
6.157
6.169
6.181
6.193
6.205
6.217
6.229
6.241
6.253
6.265
6.277
6.289
6.301
6.313
6.325
6.337
6.349
6.36
6.373
6.384
6.397
6.409
6.42
6.433
6.445
6.457
6.469
6.481
6.493
6.505
6.517
6.528
6.541
6.552
6.565
6.576
6.589
6.601
6.613
6.625
6.637
6.649
6.661
6.673
6.685
6.697
6.709
6.721
6.733
6.745
6.757
6.769
6.781
6.793
6.805
6.817
6.828
6.841
6.853
6.865
6.877
6.888
6.901
6.913
6.925
6.937
6.948
6.961
6.973
6.985
6.997
7.009
7.021
7.033
7.045
7.057
7.069
7.081
7.093
7.105
7.117
7.129
7.141
7.153
7.165
7.177
7.189
7.201
7.213
7.225
7.237
7.249
7.261
7.273
7.285
7.297
7.309
7.321
7.332
7.345
7.357
7.368
7.381
7.393
7.405
7.417
7.429
7.44
7.452
7.465
7.477
7.488
7.5
7.513
7.525
7.537
7.549
7.561
7.573
7.585
7.597
7.608
7.621
7.632
7.645
7.657
7.669
7.681
7.693
7.705
7.717
7.728
7.741
7.753
7.765
7.777
7.789
7.801
7.813
7.825
7.837
7.849
7.861
7.873
7.885
7.897
7.909
7.921
7.933
7.945
7.957
7.969
7.981
7.993
8.005
8.017
8.029
8.041
8.053
8.065
8.077
8.089
8.101
8.113
8.125
8.137
8.149
8.161
8.173
8.185
8.197
8.209
8.221
8.233
8.245
