10.4811,10.4861,2.74955e-06,2.70773e-06
10.4884,10.273,-0.0216612,-0.0133835
10.4862,10.2731,-0.0237501,-0.0166188
10.4784,10.277,-0.0246862,-0.0192466
10.4701,10.2813,-0.0273421,-0.0209559
10.4826,10.3059,-0.0296994,-0.021608
10.4536,10.2891,-0.0321205,-0.0234777
10.4462,10.2928,-0.0339107,-0.025499
10.4382,10.2972,-0.0356417,-0.0269724
10.4309,10.3009,-0.0377679,-0.0287421
10.4447,10.3247,-0.0393417,-0.0304274
10.4378,10.3281,-0.0404606,-0.0317816
10.5013,10.323,-0.042,-0.0325716
10.4927,10.327,-0.0434072,-0.0334827
10.4628,10.3115,-0.0442396,-0.0340947
10.4551,10.3156,-0.0445531,-0.0347273
10.4475,10.3197,-0.0446357,-0.0351594
10.4401,10.3237,-0.0445199,-0.0353699
10.4533,10.3482,-0.0438985,-0.0351556
10.4252,10.3311,-0.0436859,-0.0347914
10.4184,10.3347,-0.0423139,-0.0339173
10.4112,10.3381,-0.0414213,-0.0328838
10.4044,10.3414,-0.0397154,-0.0311914
10.4182,10.3647,-0.0376552,-0.0296812
10.4113,10.3668,-0.0349514,-0.0271916
10.4053,10.368,-0.0316317,-0.0242272
10.399,10.3692,-0.0283524,-0.0213769
10.3946,10.3672,-0.0238255,-0.0180187
10.3805,10.3743,-0.0195444,-0.0153999
10.3825,10.3672,-0.0159613,-0.0133015
10.3744,10.371,-0.0133185,-0.0126545
10.3678,10.3719,-0.0121785,-0.013181
10.3613,10.3732,-0.0125386,-0.0148831
10.3752,10.3956,-0.0142055,-0.017496
10.368,10.3987,-0.0166915,-0.0205441
10.3604,10.4027,-0.0195717,-0.0235579
10.353,10.4073,-0.0222932,-0.0260022
10.3458,10.4121,-0.0242467,-0.0273558
10.3395,10.4156,-0.0250564,-0.0272815
10.334,10.418,-0.0246307,-0.0257771
10.3294,10.4183,-0.0229564,-0.0257011
10.3253,10.4175,-0.0212646,-0.025401
10.341,10.4378,-0.0201707,-0.0250212
10.3371,10.4359,-0.019035,-0.0241103
10.3126,10.4132,-0.0176121,-0.0234142
10.33,10.4316,-0.0159872,-0.0219681
10.3062,10.409,-0.0142085,-0.020435
10.3242,10.4273,-0.0121013,-0.0185365
10.2929,10.4746,-0.00955632,-0.016075
10.2724,10.4493,-0.00880169,-0.0137459
10.2722,10.446,-0.00876636,-0.01162
10.2715,10.4437,-0.00963688,-0.0103825
10.2889,10.4645,-0.0111738,-0.010264
10.2671,10.4417,-0.0135439,-0.0109755
10.2828,10.4641,-0.0159601,-0.0122851
10.2598,10.4421,-0.0185207,-0.0145065
10.2579,10.44,-0.0204948,-0.0165381
10.2759,10.4586,-0.0212019,-0.0179466
10.275,10.4544,-0.0212945,-0.0190032
10.2735,10.4432,-0.020338,-0.0191668
10.276,10.4434,-0.0210879,-0.0184923
10.2971,10.4599,-0.0214986,-0.0173602
10.2768,10.4349,-0.0214362,-0.0172782
10.2777,10.4307,-0.0217634,-0.0168379
10.2765,10.4294,-0.0216398,-0.0165098
10.2969,10.447,-0.0212707,-0.0154184
10.2761,10.424,-0.0211022,-0.0146066
10.2731,10.4165,-0.020433,-0.0133602
10.275,10.4207,-0.019859,-0.0128419
10.275,10.4197,-0.0190316,-0.0123287
10.2952,10.4388,-0.0180681,-0.0121669
10.2957,10.4362,-0.0168777,-0.0122238
10.277,10.4119,-0.0157966,-0.0129878
10.2796,10.4076,-0.0148351,-0.0140215
10.2825,10.4033,-0.014176,-0.0152857
10.2906,10.3909,-0.0140497,-0.0169267
10.2935,10.3871,-0.0138243,-0.0178742
10.3,10.3789,-0.0141182,-0.0190315
10.3256,10.3915,-0.0146125,-0.0196214
10.3117,10.3609,-0.0151777,-0.0203357
10.3167,10.3527,-0.0157676,-0.0203109
10.3238,10.3365,-0.0163666,-0.0194611
10.3232,10.3394,-0.0166717,-0.0191703
10.3245,10.3353,-0.0169727,-0.0187223
10.3263,10.3293,-0.0172401,-0.0184688
10.3249,10.3285,-0.0173455,-0.0180178
10.3242,10.3259,-0.0173805,-0.017179
10.2952,10.3722,-0.0169061,-0.01857
10.3254,10.3175,-0.0173094,-0.0151773
10.3235,10.3166,-0.0170465,-0.0141537
10.2936,10.3639,-0.0161969,-0.0139737
10.2654,10.4092,-0.0151078,-0.0139024
10.2664,10.4049,-0.0152302,-0.0135291
10.2675,10.4004,-0.0155905,-0.0136081
10.2684,10.3959,-0.0161448,-0.0141542
10.2695,10.3911,-0.0167733,-0.0150196
10.29,10.4077,-0.0172404,-0.0160249
10.2909,10.4022,-0.0181752,-0.0175353
10.2723,10.3748,-0.0185715,-0.0186227
10.2735,10.3694,-0.0186703,-0.0194782
10.2757,10.3631,-0.0183928,-0.019862
10.2764,10.3586,-0.0176955,-0.0197436
10.277,10.3523,-0.0167775,-0.0191874
10.2795,10.3474,-0.015787,-0.0183294
10.2816,10.3418,-0.0147371,-0.017163
10.2838,10.336,-0.0138225,-0.015912
10.2854,10.3301,-0.0132873,-0.0148534
10.2838,10.3253,-0.0129276,-0.014067
10.2902,10.3193,-0.0133411,-0.013526
10.2921,10.3144,-0.0141412,-0.0136307
10.2932,10.31,-0.01532,-0.0142373
10.2937,10.3061,-0.0167766,-0.0152056
10.3432,10.2732,-0.0189078,-0.0159314
10.3492,10.2572,-0.0212844,-0.0167522
10.335,10.2714,-0.0205291,-0.0185439
10.3376,10.2606,-0.0206608,-0.0188528
10.3509,10.2914,-0.0200853,-0.0204682
10.3259,10.2699,-0.0190879,-0.018807
10.3221,10.2665,-0.0182193,-0.0177781
10.3241,10.2656,-0.0174565,-0.0166407
10.3221,10.2652,-0.0159627,-0.0151375
10.3209,10.2631,-0.0142761,-0.0136349
10.3202,10.2608,-0.0128838,-0.0124667
10.2883,10.3089,-0.0115262,-0.0124557
10.2939,10.3005,-0.0113055,-0.0119006
10.2938,10.2987,-0.011936,-0.0124894
10.2941,10.2952,-0.0132968,-0.0136277
10.2941,10.292,-0.0150662,-0.0151785
10.2927,10.2891,-0.0170272,-0.0168688
10.337,10.2601,-0.0191815,-0.0178639
10.2871,10.2886,-0.0202164,-0.0197919
10.2849,10.2876,-0.0210071,-0.0204091
10.2798,10.2831,-0.0209947,-0.0200925
10.2778,10.2801,-0.0200497,-0.0191137
10.2801,10.283,-0.0196799,-0.0185786
10.2808,10.2791,-0.0192126,-0.0180495
10.2989,10.2996,-0.0185025,-0.0161677
10.2775,10.2764,-0.0178321,-0.016602
10.2781,10.2734,-0.0166601,-0.0152934
10.2761,10.2719,-0.0155445,-0.0144685
10.2983,10.2881,-0.0141414,-0.0133138
10.2781,10.2648,-0.0135168,-0.0131456
10.2779,10.2626,-0.0130858,-0.0131494
10.2782,10.2597,-0.0132048,-0.0136488
10.2395,10.3079,-0.0129252,-0.0165881
10.2898,10.2342,-0.0148088,-0.0148601
10.2518,10.2983,-0.015227,-0.0168242
10.2514,10.2968,-0.0167109,-0.0180253
10.2558,10.2866,-0.0182044,-0.0187313
10.2513,10.2918,-0.0192108,-0.0195432
10.2509,10.2903,-0.0198145,-0.0196212
10.2509,10.2882,-0.019805,-0.0191185
10.2237,10.3339,-0.0186324,-0.0184298
10.2542,10.2807,-0.018319,-0.0173732
10.255,10.2778,-0.0173358,-0.0163628
10.2556,10.275,-0.0163466,-0.0151443
10.2563,10.2722,-0.0150896,-0.0140564
10.257,10.2693,-0.014007,-0.0132608
10.2577,10.2664,-0.0132841,-0.012899
10.2583,10.2636,-0.0130435,-0.0130508
10.2588,10.2609,-0.0133364,-0.0137191
10.259,10.2586,-0.0141284,-0.0148255
10.259,10.2566,-0.0152663,-0.0161863
10.2588,10.2551,-0.0166664,-0.0176847
10.2582,10.2542,-0.0180237,-0.0190212
10.2558,10.2519,-0.0191513,-0.0200033
10.2566,10.2533,-0.0198778,-0.0205014
10.2559,10.2534,-0.0200337,-0.0203674
10.2553,10.2532,-0.0195587,-0.0195877
10.2549,10.2526,-0.0185287,-0.0186054
10.2548,10.2516,-0.0174508,-0.0177847
10.2546,10.2505,-0.0163548,-0.0166755
10.2544,10.2494,-0.0150743,-0.0153149
10.2543,10.2481,-0.0139794,-0.0141465
10.2543,10.2466,-0.0132579,-0.0136623
10.2542,10.2451,-0.0129867,-0.0133515
10.254,10.2437,-0.0132621,-0.0135743
10.2538,10.2424,-0.0140604,-0.0142866
10.2535,10.2414,-0.0152905,-0.0153899
10.253,10.2409,-0.0167653,-0.0167061
10.2526,10.2404,-0.0182493,-0.0180117
10.2523,10.2402,-0.0194678,-0.0190592
10.2525,10.2396,-0.0202735,-0.0197055
10.2517,10.2402,-0.0204654,-0.0198228
10.2515,10.2403,-0.0200288,-0.0193688
10.2513,10.2403,-0.0190227,-0.0184251
10.2509,10.2401,-0.0177609,-0.0169849
10.2505,10.2397,-0.0169747,-0.0159783
10.2501,10.2393,-0.0155475,-0.0147259
10.247,10.2362,-0.0140175,-0.0135498
10.2489,10.2381,-0.0132627,-0.012994
10.2484,10.2377,-0.0127368,-0.01279
10.2477,10.2372,-0.0127863,-0.013134
10.247,10.2369,-0.0133969,-0.0139786
10.2462,10.2367,-0.0144866,-0.0152125
10.2453,10.2367,-0.0158815,-0.0166556
10.245,10.2363,-0.0173744,-0.0180684
10.241,10.2349,-0.0185876,-0.0191617
10.2423,10.2373,-0.0196929,-0.0200345
10.2429,10.2381,-0.0201399,-0.0202302
10.2425,10.2386,-0.0198838,-0.0197418
10.261,10.2606,-0.0201715,-0.0198687
10.24,10.2391,-0.0178118,-0.0177644
10.2616,10.2564,-0.0168845,-0.0180411
10.2405,10.2347,-0.0156996,-0.015709
10.2377,10.239,-0.0143221,-0.0145047
10.2368,10.2392,-0.0132086,-0.013416
10.2361,10.239,-0.0125284,-0.0127378
10.2325,10.2366,-0.0122921,-0.0124903
10.2343,10.2387,-0.012996,-0.0131484
10.2543,10.2583,-0.0139651,-0.0140426
10.2523,10.2595,-0.0153789,-0.0154121
10.2038,10.2864,-0.0164093,-0.0172204
10.2337,10.2355,-0.0186285,-0.0181907
10.2335,10.2355,-0.0198362,-0.019291
10.2527,10.2568,-0.0215733,-0.0210247
10.2329,10.2301,-0.0201936,-0.0194113
10.2327,10.2342,-0.0193333,-0.0188176
10.2314,10.2362,-0.0182918,-0.0176799
10.2307,10.2365,-0.0174796,-0.0169163
10.2301,10.2366,-0.0167012,-0.0158393
10.23,10.2357,-0.015306,-0.0145745
10.2286,10.2369,-0.0139914,-0.0135355
10.2294,10.2344,-0.0130172,-0.0126883
10.1969,10.2876,-0.0117539,-0.0128438
10.1984,10.2859,-0.0119313,-0.0129491
10.1994,10.2843,-0.012686,-0.0135685
10.2003,10.2827,-0.0139754,-0.0146734
10.2013,10.2811,-0.0155561,-0.0160412
10.2023,10.2795,-0.0172699,-0.0175344
10.2035,10.2779,-0.0187774,-0.018835
10.2046,10.2762,-0.0198941,-0.0197777
10.2059,10.2746,-0.0203723,-0.0201258
10.2073,10.2729,-0.0201504,-0.0198355
10.2084,10.2713,-0.0192951,-0.0189051
10.21,10.2694,-0.0181987,-0.0180579
10.2101,10.269,-0.0177282,-0.0172442
10.2115,10.2671,-0.0168964,-0.0164413
10.2114,10.2669,-0.0155824,-0.0152442
10.2322,10.2863,-0.0143532,-0.0141203
10.2325,10.2853,-0.0133566,-0.0132373
10.2327,10.2844,-0.0128298,-0.0131165
10.233,10.2833,-0.0127947,-0.013238
10.2333,10.2825,-0.0132068,-0.0137498
10.2336,10.2816,-0.0141619,-0.0147904
10.2341,10.2805,-0.0154215,-0.0161024
10.2549,10.2996,-0.016797,-0.0174767
10.2255,10.3482,-0.0171127,-0.0187668
10.2276,10.3445,-0.018456,-0.0194448
10.2091,10.3205,-0.0191132,-0.0200204
10.2112,10.3175,-0.0191989,-0.0197012
10.2134,10.3145,-0.0187743,-0.0188673
10.2152,10.3117,-0.0178509,-0.0178683
10.2167,10.3094,-0.0166072,-0.0170181
10.2183,10.307,-0.0156284,-0.0158708
10.2206,10.3034,-0.0144251,-0.0144693
10.2212,10.3028,-0.0133714,-0.0133341
10.242,10.3223,-0.012762,-0.0126558
10.2237,10.2987,-0.012685,-0.0124397
10.2247,10.2973,-0.0131296,-0.0128657
10.2262,10.2953,-0.0140369,-0.0138098
10.2242,10.2902,-0.0152278,-0.0150811
10.2288,10.2913,-0.0166272,-0.0166442
10.2305,10.2895,-0.0178958,-0.018095
10.2639,10.2879,-0.0191173,-0.0184952
10.2827,10.2554,-0.0197838,-0.0195495
10.2814,10.2563,-0.0195792,-0.0198853
10.2807,10.2562,-0.0188512,-0.0195497
10.2771,10.2525,-0.0177922,-0.0184377
10.2783,10.254,-0.017123,-0.0178068
10.2793,10.2552,-0.0161313,-0.0168315
10.2787,10.2554,-0.0151737,-0.0161018
10.2783,10.2552,-0.0141841,-0.0149455
10.2777,10.2552,-0.0134402,-0.0139563
10.2772,10.2553,-0.0130859,-0.0133008
10.2765,10.2555,-0.0131901,-0.0130877
10.2758,10.2558,-0.013758,-0.0133579
10.2948,10.277,-0.0146976,-0.0140614
10.2738,10.2559,-0.0159453,-0.0151064
10.269,10.2519,-0.0172146,-0.0161275
10.272,10.256,-0.0184975,-0.0175769
10.2717,10.2563,-0.0194554,-0.018636
10.2753,10.2489,-0.0199736,-0.019002
10.2698,10.2561,-0.0197576,-0.0193466
10.2695,10.2568,-0.0190717,-0.0189197
10.2688,10.2571,-0.0178697,-0.0179665
10.2685,10.257,-0.0171031,-0.0166704
10.316,10.2295,-0.0170308,-0.0153764
10.3135,10.2315,-0.0157051,-0.014369
10.3109,10.2336,-0.0144472,-0.0135208
10.3087,10.2353,-0.0135025,-0.0129957
10.3065,10.2371,-0.0130008,-0.0129196
10.3042,10.2389,-0.0129836,-0.0132935
10.3222,10.2611,-0.0134991,-0.0141461
10.2999,10.2412,-0.0144872,-0.0153448
10.2981,10.2423,-0.0156943,-0.0166843
10.2951,10.2421,-0.0169859,-0.0179219
10.2948,10.2443,-0.0182511,-0.0191426
10.2933,10.2452,-0.0191708,-0.0198764
10.2918,10.2461,-0.0195679,-0.0200099
10.2904,10.247,-0.0193825,-0.0195162
10.2888,10.248,-0.0186796,-0.0184938
10.2871,10.2491,-0.0175484,-0.0177527
10.2858,10.2499,-0.0165505,-0.0172801
10.304,10.2722,-0.0155705,-0.016267
10.302,10.2731,-0.0141988,-0.0147984
10.2516,10.302,-0.013015,-0.0144902
10.2804,10.2521,-0.0132794,-0.0133168
10.2796,10.2526,-0.0132701,-0.0130834
10.2768,10.2552,-0.0137084,-0.0134329
10.2751,10.2568,-0.0145796,-0.0142085
10.2742,10.2573,-0.015759,-0.0152925
10.2729,10.2583,-0.017051,-0.0165639
10.2908,10.2809,-0.0179279,-0.0175441
10.2426,10.3074,-0.0186042,-0.0191744
10.2718,10.2572,-0.0198655,-0.0193317
10.2715,10.2572,-0.0199077,-0.0194604
10.2709,10.2574,-0.0193144,-0.019028
10.2702,10.258,-0.0181813,-0.0180915
10.2694,10.2583,-0.0173924,-0.0168314
10.2683,10.2591,-0.0163233,-0.0158563
10.2671,10.2599,-0.0149264,-0.0146049
10.2658,10.2611,-0.0136752,-0.0135083
10.2643,10.2624,-0.012767,-0.0127675
10.263,10.2635,-0.012434,-0.0125929
10.2596,10.2625,-0.01259,-0.0128752
10.2605,10.2654,-0.0134649,-0.01386
10.2597,10.2662,-0.0147156,-0.0151593
10.259,10.2667,-0.0162081,-0.016659
10.2585,10.267,-0.0176968,-0.0181102
10.2583,10.2669,-0.0189912,-0.0193283
10.2583,10.2667,-0.0198455,-0.0200806
10.2602,10.2633,-0.0201359,-0.0201293
10.2585,10.2661,-0.0197021,-0.019728
10.2307,10.3141,-0.0180619,-0.0189462
10.2607,10.2632,-0.0177073,-0.0177339
10.2603,10.2634,-0.016874,-0.01693
10.2595,10.264,-0.015528,-0.0158375
10.2784,10.2856,-0.0142443,-0.0143614
10.2771,10.2861,-0.0132445,-0.0134263
10.2558,10.2657,-0.0126903,-0.0131103
10.2547,10.2666,-0.0126625,-0.0130624
10.2538,10.2674,-0.0131802,-0.013528
10.2529,10.2682,-0.0141752,-0.0144471
10.2524,10.2687,-0.0155164,-0.015698
10.2521,10.2688,-0.0169992,-0.0170834
10.2521,10.2687,-0.0183906,-0.0183811
10.2523,10.2684,-0.0194647,-0.0193744
10.2527,10.268,-0.019957,-0.0198061
10.2532,10.2675,-0.0199644,-0.0197779
10.2536,10.2671,-0.0193018,-0.0191072
10.2533,10.2663,-0.0181704,-0.0179899
10.2536,10.2669,-0.0173805,-0.0171973
10.2535,10.2671,-0.0164094,-0.0163715
10.2534,10.2666,-0.0149394,-0.0147826
10.2732,10.2886,-0.0137012,-0.0136582
10.2519,10.2688,-0.0128113,-0.0128686
10.2512,10.2695,-0.0124435,-0.0125854
10.2506,10.2702,-0.0126317,-0.0128438
10.2501,10.2707,-0.0134548,-0.0137212
10.2498,10.2709,-0.014726,-0.0150232
10.2497,10.271,-0.0162314,-0.0165395
10.2499,10.2707,-0.0177617,-0.0180595
10.2503,10.2703,-0.0190761,-0.0193446
10.251,10.2697,-0.0199447,-0.020168
10.2714,10.2901,-0.0202387,-0.0204307
10.2718,10.289,-0.0198769,-0.0199858
10.2522,10.267,-0.0188941,-0.0193533
10.2522,10.267,-0.018098,-0.0185562
10.2523,10.267,-0.0172513,-0.0176621
10.2514,10.2662,-0.0161818,-0.0165248
10.2521,10.2672,-0.0149164,-0.0151636
10.252,10.2674,-0.0137956,-0.0139265
10.2513,10.2683,-0.0130096,-0.0130371
10.2509,10.2688,-0.0127059,-0.0126227
10.2505,10.2693,-0.012956,-0.012778
10.2502,10.2697,-0.0137428,-0.0134959
10.2502,10.2698,-0.0145992,-0.0146642
10.2501,10.27,-0.0159849,-0.0160473
10.2505,10.2696,-0.0175208,-0.0175757
10.2537,10.2644,-0.0188736,-0.0187365
10.2527,10.2609,-0.019708,-0.0195851
10.2519,10.2684,-0.0201542,-0.0203484
10.2247,10.3166,-0.0192905,-0.020472
10.256,10.2649,-0.0191595,-0.0191343
10.2772,10.2844,-0.0181455,-0.0180685
10.2766,10.2847,-0.0176647,-0.0176145
10.2566,10.2634,-0.0166181,-0.0165281
10.2565,10.2637,-0.0156752,-0.0155885
10.2556,10.2649,-0.0145297,-0.0144916
10.2555,10.2651,-0.0136804,-0.0136564
10.2574,10.2617,-0.0132382,-0.0130599
10.2549,10.2659,-0.0132189,-0.0132635
10.2546,10.2665,-0.0137211,-0.0138066
10.2545,10.2667,-0.0146454,-0.0147477
10.2545,10.2668,-0.015846,-0.0159591
10.2548,10.2667,-0.0171401,-0.0172555
10.2551,10.2664,-0.0182954,-0.0184048
10.2555,10.2661,-0.0194632,-0.0195605
10.2573,10.2638,-0.0200555,-0.0200504
10.2567,10.2653,-0.019971,-0.0200365
10.2579,10.2638,-0.0193323,-0.0193297
10.2615,10.2569,-0.0181508,-0.0179261
10.2293,10.3134,-0.0166624,-0.0180054
10.2305,10.3125,-0.0156757,-0.0168215
10.2245,10.3151,-0.0144069,-0.0158077
10.2341,10.3085,-0.0134733,-0.0142495
10.2352,10.3077,-0.012768,-0.0132591
10.2365,10.3063,-0.0125763,-0.012752
10.2378,10.305,-0.0129385,-0.0128223
10.2389,10.3038,-0.0138535,-0.0134914
10.2402,10.3024,-0.0151634,-0.0146216
10.2422,10.2997,-0.0166757,-0.0159694
10.2429,10.2996,-0.018124,-0.0174662
10.2442,10.2983,-0.01934,-0.0187542
10.2459,10.2966,-0.0200957,-0.0196427
10.2476,10.2949,-0.0202546,-0.0199874
10.2493,10.2933,-0.0197624,-0.0196872
10.2506,10.2921,-0.0185945,-0.0187498
10.2527,10.2899,-0.0184227,-0.0176621
10.2531,10.2895,-0.0173744,-0.0166494
10.274,10.3094,-0.0162672,-0.0155957
10.2551,10.287,-0.0151408,-0.0142503
10.2559,10.2861,-0.0140838,-0.0133008
10.2289,10.3335,-0.0128102,-0.0131725
10.2605,10.2812,-0.0133635,-0.0126329
10.2614,10.2804,-0.0136717,-0.0131124
10.2623,10.2794,-0.0144459,-0.0141207
10.2629,10.2788,-0.0155126,-0.01544
10.2636,10.2781,-0.016753,-0.0169178
10.2643,10.2773,-0.0179441,-0.0183094
10.2847,10.2975,-0.0185803,-0.0191085
10.2653,10.2754,-0.0194763,-0.0200746
10.2658,10.2748,-0.0195388,-0.0201533
10.2663,10.2742,-0.0190531,-0.0196147
10.2661,10.2732,-0.0180431,-0.0184863
10.2644,10.2709,-0.0168477,-0.0178652
10.2676,10.2726,-0.0159543,-0.0168855
10.2683,10.2722,-0.0147319,-0.0157711
10.2894,10.2921,-0.0136436,-0.0145197
10.2897,10.2913,-0.0128958,-0.0135316
10.2901,10.2905,-0.0126398,-0.0129948
10.2904,10.2897,-0.0129132,-0.0129712
10.2906,10.2891,-0.0136872,-0.0134577
10.3602,10.2802,-0.0152151,-0.013719
10.3377,10.2607,-0.0164802,-0.0150677
10.3358,10.2617,-0.0177709,-0.0165343
10.3339,10.2628,-0.0189336,-0.0179354
10.3335,10.2615,-0.0198341,-0.0190076
10.3291,10.264,-0.0201367,-0.0197187
10.3282,10.2663,-0.0198653,-0.0197662
10.3259,10.2668,-0.0190227,-0.0192001
10.3249,10.2684,-0.0180028,-0.0181064
10.3234,10.2692,-0.0172211,-0.0170925
10.3219,10.2701,-0.016052,-0.0160287
10.3204,10.2709,-0.0147141,-0.0147425
10.3189,10.2716,-0.0135858,-0.013654
10.3175,10.2723,-0.0128289,-0.01292
10.3168,10.2721,-0.0125173,-0.0125767
10.3354,10.2941,-0.0124924,-0.0128817
10.3129,10.2746,-0.0133528,-0.0139457
10.3115,10.2753,-0.0146938,-0.015221
10.3109,10.2752,-0.0163248,-0.016697
10.3082,10.2776,-0.0178847,-0.0181248
10.3071,10.2781,-0.0192513,-0.0193809
10.3256,10.2999,-0.0198725,-0.0196733
10.3048,10.2781,-0.0205496,-0.0200735
10.303,10.2796,-0.0201329,-0.0195606
10.3018,10.2802,-0.0191324,-0.0184885
10.2736,10.3281,-0.0177173,-0.0180539
10.3022,10.2783,-0.0175934,-0.016871
10.3014,10.2785,-0.0164863,-0.0155426
10.2986,10.2801,-0.0150163,-0.0145887
10.2986,10.2801,-0.0139033,-0.013659
10.3014,10.2736,-0.0131394,-0.012823
10.2992,10.2763,-0.012791,-0.012899
10.2665,10.3309,-0.0123668,-0.013992
10.2955,10.2809,-0.0138318,-0.0143746
10.2947,10.2811,-0.015094,-0.0156576
10.2937,10.2815,-0.01655,-0.0170959
10.2926,10.282,-0.0180185,-0.0184818
10.2917,10.2824,-0.0191984,-0.0195223
10.2904,10.2821,-0.020021,-0.0200327
10.2906,10.2825,-0.0200784,-0.0202036
10.2885,10.2829,-0.0195349,-0.0193607
10.2885,10.2837,-0.0189341,-0.0181921
10.2876,10.2841,-0.0181205,-0.0177255
10.2865,10.2849,-0.0167237,-0.0169924
10.3339,10.2572,-0.0162878,-0.0153627
10.3331,10.2561,-0.0149632,-0.0142527
10.3284,10.2612,-0.0137389,-0.013546
10.3747,10.2349,-0.0137403,-0.0125602
10.3704,10.2383,-0.0133485,-0.0127957
10.3889,10.2575,-0.0133396,-0.0135421
10.3645,10.239,-0.0142257,-0.0145415
10.3574,10.2393,-0.0151596,-0.0158703
10.3527,10.2508,-0.0165767,-0.0178007
10.349,10.2542,-0.0176801,-0.019005
10.349,10.2507,-0.0188358,-0.0198068
10.3423,10.259,-0.0194607,-0.0204639
10.3407,10.2589,-0.0195885,-0.0201666
10.3359,10.264,-0.0191567,-0.0194586
10.3327,10.2663,-0.018211,-0.0187705
10.3016,10.3168,-0.0162919,-0.0185635
10.3487,10.2889,-0.015371,-0.0166589
10.3256,10.2694,-0.0148826,-0.0160308
10.3224,10.2715,-0.0139601,-0.0149079
10.3199,10.2732,-0.0133107,-0.0139911
10.3359,10.2975,-0.0130375,-0.0135148
10.3126,10.2783,-0.0132851,-0.0134103
10.312,10.2759,-0.014023,-0.0136192
10.3062,10.283,-0.0150469,-0.0146551
10.3014,10.2829,-0.0163331,-0.0159725
10.2985,10.2836,-0.0176867,-0.0172094
10.3198,10.3075,-0.0189387,-0.018419
10.3197,10.3058,-0.0197212,-0.0190794
10.3166,10.3085,-0.0199827,-0.0195281
10.335,10.3299,-0.0208231,-0.0205668
10.3185,10.2986,-0.018624,-0.0181164
10.3111,10.3092,-0.0176973,-0.0172229
10.3287,10.3314,-0.016597,-0.0157179
10.3062,10.311,-0.0160422,-0.0152077
10.2806,10.3524,-0.0145816,-0.0161225
10.3049,10.3088,-0.014041,-0.0130043
10.3019,10.3111,-0.0134168,-0.0125802
10.2999,10.3115,-0.0131894,-0.0125843
10.268,10.3602,-0.0129282,-0.0135278
10.2975,10.3115,-0.0144214,-0.0141607
10.2961,10.3119,-0.0155876,-0.0155601
10.2946,10.3122,-0.0168727,-0.0170875
10.2934,10.3123,-0.0180671,-0.0184958
10.2927,10.3119,-0.018994,-0.0195847
10.2921,10.3114,-0.0194655,-0.0201687
10.2915,10.3108,-0.0193822,-0.0201382
10.2888,10.3116,-0.0187072,-0.0194943
10.2914,10.3077,-0.0176142,-0.0184914
10.2604,10.3592,-0.0158874,-0.0181636
10.2603,10.3581,-0.0150151,-0.017257
10.2612,10.3553,-0.0140118,-0.0157719
10.2622,10.3524,-0.013216,-0.014404
10.2607,10.3537,-0.0127702,-0.0134352
10.2326,10.4011,-0.0123273,-0.0144981
10.2631,10.3415,-0.0131781,-0.0120692
10.2639,10.3453,-0.0145287,-0.0128393
10.2625,10.3468,-0.0158043,-0.0138964
10.2626,10.3456,-0.0173406,-0.0153288
10.2631,10.3438,-0.018814,-0.0169093
10.2682,10.3342,-0.0200413,-0.0181367
10.2339,10.3859,-0.019826,-0.0197195
10.2374,10.3857,-0.020002,-0.0203115
10.2908,10.3522,-0.0197289,-0.0193603
10.2919,10.3496,-0.018746,-0.0186834
10.2923,10.3475,-0.0183152,-0.017498
10.2925,10.3457,-0.017505,-0.0165019
10.2925,10.3441,-0.0163547,-0.0152134
10.2922,10.3426,-0.0149394,-0.0140245
10.3117,10.3625,-0.0135233,-0.0129109
10.2913,10.3396,-0.0130006,-0.012598
10.2907,10.3386,-0.0127759,-0.0126533
10.29,10.3275,-0.0129478,-0.0124024
10.2899,10.336,-0.0139881,-0.0144873
10.29,10.335,-0.0152767,-0.0160399
10.2902,10.3334,-0.0167287,-0.0176666
10.2905,10.3316,-0.0181126,-0.0191518
10.2907,10.3298,-0.0192072,-0.0202656
10.3115,10.3487,-0.0198271,-0.0204263
10.3116,10.3469,-0.0197082,-0.0201658
10.3128,10.3413,-0.0191243,-0.0192119
10.3096,10.3417,-0.0179234,-0.0185942
10.3099,10.341,-0.0167094,-0.0179047
10.3106,10.3403,-0.0157522,-0.016768
10.3103,10.3387,-0.0145572,-0.015736
10.3101,10.3371,-0.0135329,-0.0144681
10.3581,10.3076,-0.0131909,-0.013017
10.3538,10.3058,-0.0128077,-0.0125841
10.3526,10.3068,-0.0130438,-0.0127887
10.3515,10.3082,-0.01375,-0.013539
10.3227,10.3552,-0.0143013,-0.0150364
10.371,10.3254,-0.0164107,-0.01599
10.348,10.3047,-0.0178485,-0.0174442
10.3666,10.3249,-0.0192093,-0.018583
10.3636,10.3254,-0.0201763,-0.0199959
10.3414,10.3038,-0.020551,-0.0204709
10.3594,10.325,-0.0202721,-0.0202919
10.3371,10.3036,-0.0192687,-0.0193398
10.3353,10.3036,-0.0184603,-0.0185952
10.3535,10.3244,-0.0173559,-0.0175044
10.3811,10.2739,-0.0173953,-0.0165264
10.3778,10.275,-0.0159124,-0.0152798
10.3742,10.2765,-0.0145558,-0.0141742
10.3708,10.278,-0.0134161,-0.0133295
10.3674,10.2794,-0.0127274,-0.0128837
10.3643,10.2805,-0.0126308,-0.012971
10.3609,10.282,-0.0131072,-0.013595
10.3584,10.2827,-0.0141333,-0.0146648
10.3548,10.2844,-0.0155556,-0.01611
10.3519,10.2853,-0.0171436,-0.0176213
10.349,10.2862,-0.018636,-0.0189714
10.3463,10.287,-0.0197246,-0.0198718
10.3437,10.2877,-0.0203806,-0.0203094
10.3399,10.2871,-0.0203244,-0.0199748
10.3386,10.2892,-0.0195811,-0.0191135
10.334,10.288,-0.018272,-0.0180073
10.3336,10.2905,-0.0175719,-0.0173525
10.3035,10.3394,-0.0158934,-0.0166726
10.3316,10.2889,-0.0156844,-0.0152663
10.3296,10.2892,-0.0145215,-0.0141201
10.3268,10.2903,-0.0136159,-0.0136138
10.3243,10.2912,-0.0131425,-0.0133
10.3222,10.2907,-0.0132157,-0.0134803
10.369,10.2638,-0.0140657,-0.0134913
10.3652,10.2658,-0.0148885,-0.0146355
10.3612,10.2679,-0.0159302,-0.0160124
10.3573,10.2699,-0.0170877,-0.0174431
10.3545,10.2708,-0.018191,-0.0187029
10.3503,10.2733,-0.0189418,-0.0195906
10.3472,10.2747,-0.0193165,-0.019977
10.344,10.2761,-0.0192044,-0.0198025
10.3418,10.2766,-0.0185767,-0.0190013
10.3579,10.2995,-0.0174355,-0.0177682
10.3543,10.3005,-0.0160599,-0.0167875
10.3306,10.2807,-0.0155163,-0.0161242
10.3259,10.2802,-0.0145033,-0.0149268
10.3258,10.2806,-0.0136953,-0.0138486
10.3212,10.2849,-0.0132056,-0.0132683
10.3181,10.2864,-0.01319,-0.0130699
10.3166,10.2853,-0.0136658,-0.0132523
10.3122,10.2891,-0.0145422,-0.0141141
10.3095,10.2902,-0.0157451,-0.0152114
10.3078,10.2903,-0.0170853,-0.0164378
10.305,10.2916,-0.0182951,-0.0176571
10.3031,10.2919,-0.0192464,-0.0186279
10.3015,10.292,-0.0197425,-0.0192125
10.3006,10.2914,-0.0196953,-0.0192727
10.2983,10.2923,-0.0190383,-0.018851
10.2967,10.2924,-0.017824,-0.0178738
10.2924,10.2941,-0.017031,-0.0167241
10.2931,10.2929,-0.016035,-0.0154122
10.2873,10.2956,-0.0146818,-0.0145472
10.289,10.2941,-0.0136022,-0.0135641
10.3027,10.3181,-0.0126322,-0.012732
10.3064,10.3139,-0.0125668,-0.0124793
10.3094,10.3058,-0.0129211,-0.0124975
10.276,10.3601,-0.0131141,-0.0142783
10.2725,10.3634,-0.0144019,-0.0155638
10.2724,10.3616,-0.0160263,-0.0169211
10.2725,10.3594,-0.0176768,-0.0182506
10.2728,10.357,-0.0190971,-0.0193412
10.2743,10.3529,-0.0200697,-0.0199426
10.2713,10.3436,-0.0202376,-0.0197929
10.2757,10.3467,-0.0200981,-0.0195369
10.2746,10.3477,-0.0190355,-0.0185192
10.2746,10.3458,-0.0182965,-0.0177662
10.2746,10.3439,-0.0175395,-0.0169935
10.2747,10.3419,-0.0164316,-0.0156192
10.2745,10.3402,-0.0150253,-0.014308
10.271,10.3354,-0.014012,-0.0130963
10.2738,10.3369,-0.0129521,-0.0126632
10.2736,10.3358,-0.0126025,-0.0125821
10.2733,10.3344,-0.0128267,-0.0130483
10.273,10.3329,-0.0136722,-0.0141191
10.273,10.3311,-0.0149522,-0.0155904
10.2732,10.3291,-0.0164359,-0.0172205
10.2734,10.3271,-0.0179269,-0.0188053
10.2738,10.3252,-0.0191353,-0.0200362
10.2741,10.3234,-0.0198692,-0.0207363
10.2742,10.3218,-0.020029,-0.0207979
10.2745,10.3199,-0.019922,-0.0205281
10.274,10.3189,-0.0189428,-0.0194496
10.2945,10.3364,-0.0179196,-0.0188901
10.2949,10.3351,-0.0168532,-0.0180084
10.2946,10.3334,-0.0158164,-0.0167943
10.2671,10.3793,-0.0139871,-0.0160557
10.2687,10.3756,-0.0131061,-0.0150458
10.2957,10.3182,-0.0131677,-0.013486
10.2991,10.3199,-0.0132116,-0.0131873
10.2712,10.367,-0.0129523,-0.0135962
10.3205,10.336,-0.0145206,-0.0136701
10.3005,10.3124,-0.0157896,-0.0146638
10.2996,10.3112,-0.0171932,-0.0161103
10.3004,10.3075,-0.0185422,-0.0172654
10.2982,10.3088,-0.0195747,-0.018559
10.2975,10.3078,-0.0201784,-0.0194158
10.297,10.3065,-0.0202071,-0.0197345
10.2964,10.3055,-0.0196144,-0.0194772
10.2957,10.3044,-0.0184232,-0.0186101
10.2953,10.3032,-0.0176486,-0.0173868
10.2947,10.3019,-0.0168232,-0.0163165
10.2941,10.3008,-0.0154307,-0.015003
10.2664,10.3471,-0.013755,-0.01436
10.2663,10.3455,-0.0129162,-0.0133854
10.2675,10.3425,-0.0125835,-0.0128421
10.269,10.3387,-0.0128284,-0.0128366
10.2663,10.3317,-0.0131362,-0.0130214
10.2699,10.3342,-0.0148864,-0.0146106
10.2716,10.3312,-0.0163243,-0.0159342
10.2442,10.3775,-0.0172207,-0.017761
10.2754,10.324,-0.0193464,-0.0186698
10.2951,10.3436,-0.0200075,-0.0194188
10.2948,10.3415,-0.0206988,-0.0202172
10.2472,10.3662,-0.0197524,-0.0203519
10.2492,10.3622,-0.0187975,-0.0193163
10.2511,10.3585,-0.0180135,-0.0183938
10.2531,10.3547,-0.0172776,-0.0175092
10.2551,10.3508,-0.0162467,-0.0163581
10.257,10.347,-0.014974,-0.0149747
10.2572,10.3415,-0.013998,-0.013733
10.3011,10.3808,-0.0131081,-0.0129659
10.3221,10.3984,-0.0127427,-0.0125852
10.3037,10.3723,-0.0129681,-0.0127531
10.305,10.3683,-0.0137216,-0.0135195
10.3061,10.3645,-0.0149289,-0.0147785
10.307,10.361,-0.0163872,-0.016324
10.3132,10.3479,-0.0179483,-0.0176015
10.3076,10.3548,-0.0190782,-0.0193081
10.3072,10.3529,-0.0199284,-0.020319
10.307,10.3507,-0.0202049,-0.0206737
10.307,10.3483,-0.0198118,-0.0203116
10.2786,10.3948,-0.0181772,-0.0195908
10.3298,10.3613,-0.017617,-0.0184018
10.35,10.3791,-0.0173487,-0.0186689
10.3256,10.3498,-0.017363,-0.0168621
10.3295,10.3506,-0.0145437,-0.015059
10.3999,10.3401,-0.0140125,-0.0134257
10.3779,10.3177,-0.0132032,-0.0127193
10.3765,10.3161,-0.012937,-0.0125899
10.376,10.3135,-0.01322,-0.0129864
10.3729,10.3119,-0.0140178,-0.0139188
10.3718,10.312,-0.0152571,-0.0153074
10.3705,10.3099,-0.0167518,-0.0168357
10.3876,10.3314,-0.0181808,-0.0181029
10.3846,10.3309,-0.0194012,-0.0196415
10.3611,10.3097,-0.0201567,-0.02036
10.3788,10.3302,-0.0213593,-0.0202648
10.354,10.3103,-0.0195964,-0.0198718
10.3522,10.3096,-0.0184805,-0.0186528
10.3502,10.3089,-0.0176642,-0.018152
10.3483,10.3081,-0.0165719,-0.0169947
10.3467,10.3071,-0.0154994,-0.0159181
10.3451,10.3061,-0.0143177,-0.0146238
10.3438,10.3049,-0.0133701,-0.0135534
10.3425,10.3036,-0.0128557,-0.0129098
10.3411,10.3025,-0.012879,-0.0128078
10.3399,10.3014,-0.0134056,-0.0132195
10.3384,10.3005,-0.0144864,-0.0141927
10.3332,10.295,-0.0158717,-0.0153341
10.3343,10.2993,-0.0173703,-0.0169352
10.3325,10.2992,-0.0188257,-0.018356
10.3023,10.3475,-0.0192792,-0.019724
10.3307,10.2961,-0.0206116,-0.0198611
10.3284,10.2962,-0.0205469,-0.0198093
10.326,10.2965,-0.0197658,-0.0191353
10.3239,10.2964,-0.0186928,-0.0178925
10.3221,10.296,-0.0181755,-0.0171325
10.3203,10.2955,-0.0169856,-0.0160582
10.3194,10.2942,-0.0158386,-0.0148053
10.3172,10.2944,-0.0144787,-0.0137224
10.3176,10.2905,-0.0135162,-0.0129273
10.3151,10.2923,-0.0128907,-0.0127648
10.3125,10.2932,-0.0128356,-0.013062
10.2832,10.3409,-0.0127486,-0.0142268
10.3127,10.2887,-0.014516,-0.0149119
10.361,10.2589,-0.0162264,-0.0156782
10.3569,10.261,-0.0174692,-0.0172361
10.3531,10.2626,-0.0186134,-0.0186469
10.3493,10.2641,-0.0193831,-0.0196174
10.3454,10.266,-0.0198444,-0.020193
10.3366,10.2707,-0.0196559,-0.0201503
10.3378,10.2693,-0.0189719,-0.0193452
10.3348,10.2705,-0.0177408,-0.0183283
10.3317,10.2715,-0.0165905,-0.0175004
10.3286,10.2725,-0.015598,-0.0167804
10.3264,10.2728,-0.0142807,-0.0153999
10.3229,10.2744,-0.0132257,-0.0142426
10.3201,10.2754,-0.0125696,-0.0133765
10.3178,10.2758,-0.0124141,-0.0129466
10.3154,10.2764,-0.0129049,-0.013122
10.3129,10.277,-0.0138926,-0.0137764
10.3104,10.2777,-0.0152767,-0.0148334
10.3078,10.2784,-0.0168672,-0.0161295
10.3053,10.2791,-0.0184123,-0.0174392
10.3028,10.2797,-0.0196468,-0.0185236
10.3004,10.2804,-0.0204194,-0.0192458
10.2981,10.2809,-0.0205289,-0.01942
10.2959,10.2814,-0.0199884,-0.0190554
10.2936,10.282,-0.0187795,-0.0181278
10.2924,10.2816,-0.0183018,-0.0171475
10.2898,10.2827,-0.0174329,-0.0158946
10.2879,10.283,-0.0162594,-0.014657
10.2856,10.2837,-0.0148886,-0.0139203
10.2839,10.284,-0.0140697,-0.0132317
10.2822,10.2842,-0.0133869,-0.0129682
10.2804,10.2846,-0.0131686,-0.0131902
10.2788,10.2847,-0.0134487,-0.0138871
10.297,10.3058,-0.0141628,-0.0149588
10.296,10.3047,-0.015256,-0.0162732
10.2938,10.305,-0.0164659,-0.017645
10.2929,10.3039,-0.0177046,-0.0188869
10.2913,10.3037,-0.0186714,-0.0197796
10.2888,10.3045,-0.0191989,-0.0201623
10.3067,10.3259,-0.01919,-0.0199466
10.2852,10.3039,-0.0187032,-0.0191146
10.2838,10.3035,-0.0177791,-0.018179
10.2823,10.3031,-0.0165808,-0.0174027
10.2808,10.3029,-0.0152955,-0.0163078
10.2795,10.3024,-0.0140838,-0.0151996
10.2781,10.3021,-0.0131095,-0.0140723
10.2768,10.3017,-0.0125866,-0.0133244
10.2755,10.3014,-0.0125966,-0.013073
10.2742,10.301,-0.01314,-0.0133408
10.2729,10.3007,-0.0141636,-0.0140974
10.2716,10.3002,-0.0155186,-0.0152235
10.2903,10.3208,-0.0169559,-0.0165095
10.289,10.3197,-0.0184049,-0.0175866
10.268,10.2974,-0.0195565,-0.0189938
10.2673,10.2966,-0.0201812,-0.019688
10.2667,10.2958,-0.0201658,-0.019801
10.2859,10.3159,-0.0194335,-0.0203576
10.2649,10.2932,-0.0182892,-0.0180428
10.2655,10.2909,-0.0178446,-0.017212
10.2636,10.2922,-0.0166987,-0.0159386
10.2626,10.2919,-0.0155959,-0.0149872
10.2617,10.2914,-0.0143597,-0.0138848
10.2608,10.291,-0.0134606,-0.0131486
10.2317,10.3393,-0.0123159,-0.0131665
10.2322,10.3373,-0.012444,-0.0131988
10.2329,10.3353,-0.0131095,-0.0137128
10.2337,10.3331,-0.0142704,-0.0147071
10.2346,10.3308,-0.015717,-0.0159956
10.2549,10.3501,-0.0172302,-0.017156
10.2556,10.3472,-0.0186069,-0.0184472
10.2562,10.3445,-0.0196801,-0.0195141
10.2381,10.3195,-0.0201904,-0.0203054
10.2391,10.3172,-0.020063,-0.0202313
10.2394,10.3158,-0.0192534,-0.0194927
10.2404,10.3136,-0.0182442,-0.0184887
10.2412,10.3115,-0.0174749,-0.0176787
10.2418,10.3097,-0.0167022,-0.0168366
10.2429,10.3069,-0.0153992,-0.0157704
10.243,10.3059,-0.0142275,-0.0146274
10.2437,10.3041,-0.0132882,-0.0136313
10.2444,10.3023,-0.0128589,-0.0131173
10.245,10.3005,-0.0129305,-0.0130924
10.2444,10.2996,-0.0134863,-0.0136091
10.246,10.2974,-0.0145315,-0.0145346
10.2467,10.2956,-0.0158832,-0.0158507
10.2473,10.2939,-0.0172771,-0.0172471
10.2479,10.2922,-0.0185495,-0.0185598
10.2485,10.2906,-0.0195126,-0.0195885
10.3104,10.35,-0.0200565,-0.020164
10.2901,10.3249,-0.020099,-0.0206489
10.3111,10.3455,-0.0193342,-0.0201216
10.3306,10.3616,-0.0182955,-0.018925
10.303,10.4102,-0.0168732,-0.0184423
10.3336,10.356,-0.0162651,-0.0172219
10.3324,10.3544,-0.0153235,-0.0158192
10.3317,10.3522,-0.0142111,-0.0148229
10.3312,10.3499,-0.0133457,-0.0137517
10.3305,10.3478,-0.012954,-0.0131281
10.3297,10.3461,-0.0130337,-0.0129768
10.3287,10.3445,-0.013602,-0.013335
10.328,10.3424,-0.0146743,-0.0142101
10.3273,10.3405,-0.0160459,-0.0155217
10.3251,10.3373,-0.0175155,-0.0169693
10.3265,10.3352,-0.0188533,-0.0182959
10.3248,10.3351,-0.0198021,-0.0194273
10.3238,10.3337,-0.0202413,-0.0200214
10.3229,10.3321,-0.0200534,-0.0199912
10.3707,10.3024,-0.0198599,-0.0186332
10.3684,10.3021,-0.0187611,-0.0175086
10.3658,10.3019,-0.0178934,-0.0165416
10.3698,10.2903,-0.0171239,-0.0152734
10.3606,10.3015,-0.0155847,-0.0144973
10.3575,10.3023,-0.0143335,-0.0139178
10.3553,10.302,-0.0134003,-0.0133686
10.353,10.3019,-0.0128852,-0.0131838
10.3393,10.3016,-0.0125659,-0.0132702
10.348,10.2997,-0.0135663,-0.0143114
10.3475,10.2999,-0.0146678,-0.0154722
10.3455,10.2996,-0.0160553,-0.0168762
10.3382,10.3023,-0.0174798,-0.0184209
10.3615,10.3196,-0.0190071,-0.0195549
10.357,10.3169,-0.0197354,-0.0200396
10.3566,10.3188,-0.0200603,-0.0200974
10.3195,10.3702,-0.0193059,-0.0214392
10.3591,10.2948,-0.0190741,-0.0178054
10.3889,10.288,-0.0186627,-0.0178542
10.3928,10.2902,-0.0176472,-0.0166323
10.3933,10.289,-0.0166368,-0.0156283
10.3926,10.2853,-0.0157298,-0.0143886
10.3849,10.2902,-0.0143168,-0.013535
10.3855,10.2843,-0.0134394,-0.0127093
10.3778,10.2933,-0.0130362,-0.0130907
10.3718,10.2927,-0.0131549,-0.0135051
10.3704,10.2954,-0.0139275,-0.014548
10.3671,10.2962,-0.0150412,-0.0157993
10.3635,10.2971,-0.0163902,-0.017192
10.3602,10.2978,-0.0177527,-0.0184882
10.3289,10.3471,-0.0182133,-0.0197258
10.3561,10.2965,-0.0197517,-0.0198339
10.3532,10.297,-0.0199821,-0.0197627
10.3499,10.2979,-0.0195748,-0.0191089
10.3469,10.2985,-0.0185479,-0.0178908
10.3437,10.2992,-0.017267,-0.0171759
10.3408,10.2999,-0.0165503,-0.0161509
10.3377,10.3005,-0.0152426,-0.0152361
10.3348,10.3009,-0.0140966,-0.0142215
10.3321,10.3013,-0.0132324,-0.0134893
10.3299,10.3011,-0.0128446,-0.0131863
10.3316,10.292,-0.0129761,-0.0129075
10.2915,10.3535,-0.0128837,-0.0145536
10.2938,10.3506,-0.0140946,-0.0154388
10.2933,10.3488,-0.0155625,-0.0165097
10.2925,10.347,-0.0171073,-0.0176272
10.2919,10.3451,-0.0185066,-0.0185983
10.2911,10.3436,-0.0195082,-0.0192126
10.2905,10.3418,-0.0200678,-0.019455
10.2903,10.3398,-0.0200045,-0.0191646
10.2898,10.338,-0.0191775,-0.0182419
10.3087,10.3577,-0.0179782,-0.0170978
10.3074,10.3559,-0.0175359,-0.0163722
10.2874,10.3318,-0.0165426,-0.0151328
10.2865,10.3307,-0.015494,-0.0140256
10.2849,10.3302,-0.0144365,-0.0132899
10.284,10.3289,-0.0136854,-0.0129134
10.2831,10.3278,-0.0133368,-0.0130072
10.2824,10.3265,-0.0134545,-0.0135684
10.2818,10.3252,-0.0140149,-0.0145462
10.2814,10.3234,-0.0149666,-0.0158575
10.2809,10.3219,-0.0161186,-0.0172835
10.2655,10.3264,-0.0171384,-0.0187397
10.28,10.3184,-0.0182699,-0.0195841
10.2805,10.3164,-0.0189218,-0.0201371
10.2802,10.315,-0.0190616,-0.0201024
10.3,10.3341,-0.0188665,-0.0205178
10.2767,10.3114,-0.0177399,-0.0183385
10.278,10.3105,-0.0166235,-0.0175576
10.2777,10.3092,-0.0154259,-0.01645
10.2969,10.3289,-0.0130859,-0.0139384
10.2762,10.3061,-0.0140401,-0.0145241
10.2757,10.3048,-0.0137271,-0.0139019
10.2763,10.3016,-0.0137851,-0.013565
10.2746,10.3024,-0.0142054,-0.0138042
10.274,10.3014,-0.0149595,-0.0143545
10.2734,10.3003,-0.0159119,-0.0151679
10.2729,10.2991,-0.0170081,-0.0162099
10.272,10.2959,-0.0179795,-0.0171629
10.272,10.2966,-0.0187817,-0.0181265
10.2716,10.2957,-0.019165,-0.0186963
10.2713,10.2945,-0.0190774,-0.0188335
10.2646,10.297,-0.0183543,-0.018604
10.27,10.2916,-0.0176479,-0.0178506
10.2706,10.2907,-0.0165285,-0.0169171
10.2703,10.2895,-0.0155459,-0.0157781
10.2702,10.2883,-0.0146799,-0.0146911
10.2698,10.2872,-0.0137838,-0.01378
10.2694,10.2862,-0.0132498,-0.0132302
10.2894,10.3056,-0.013136,-0.0130888
10.2691,10.2831,-0.0135285,-0.0134276
10.2876,10.304,-0.0140581,-0.013993
10.2671,10.2816,-0.0154824,-0.0153777
10.2667,10.2806,-0.0167899,-0.0166838
10.2662,10.2797,-0.0180002,-0.017903
10.2657,10.2791,-0.0189719,-0.0188945
10.2661,10.2775,-0.0195027,-0.0194119
10.2656,10.2769,-0.0194698,-0.019402
10.2646,10.2771,-0.0189246,-0.0189005
10.2643,10.2763,-0.0178158,-0.0177988
10.2844,10.296,-0.0168343,-0.0165318
10.2632,10.2748,-0.0159065,-0.0159304
10.263,10.2738,-0.0147449,-0.0147895
10.2823,10.294,-0.013753,-0.0138305
10.2619,10.2719,-0.0130648,-0.0131203
10.2813,10.2922,-0.0128718,-0.0129447
10.2611,10.27,-0.013219,-0.0132504
10.2608,10.2692,-0.0139799,-0.0139984
10.2329,10.3165,-0.0145589,-0.0155437
10.2627,10.265,-0.0166703,-0.0164023
10.2348,10.3121,-0.0174042,-0.018044
10.2648,10.2605,-0.019271,-0.018696
10.2645,10.26,-0.0199177,-0.0193343
10.2638,10.2598,-0.0200197,-0.019497
10.2633,10.2596,-0.0194936,-0.0190497
10.2607,10.2606,-0.0183604,-0.0181037
10.2619,10.2592,-0.0176113,-0.0170652
10.2615,10.2588,-0.0165488,-0.0160645
10.2607,10.2589,-0.0155366,-0.0151709
10.2597,10.258,-0.0143571,-0.0141134
10.2315,10.3069,-0.0131465,-0.0137581
10.2325,10.305,-0.0128166,-0.0132373
10.2338,10.3028,-0.0129936,-0.0131952
10.2349,10.3007,-0.0136397,-0.0136368
10.2361,10.2986,-0.0146652,-0.0144735
