0.001
0.013
0.025
0.037
0.049
0.061
0.073
0.085
0.097
0.109
0.121
0.133
0.145
0.157
0.168
0.181
0.192
0.205
0.217
0.228
0.241
0.253
0.265
0.277
0.289
0.301
0.313
0.325
0.337
0.349
0.361
0.373
0.385
0.397
0.409
0.421
0.433
0.445
0.457
0.469
0.481
0.493
0.504
0.517
0.528
0.541
0.553
0.565
0.576
0.589
0.601
0.612
0.625
0.637
0.649
0.661
0.673
0.685
0.697
0.708
0.72
0.732
0.744
0.757
0.769
0.781
0.793
0.805
0.817
0.828
0.841
0.853
0.865
0.877
0.889
0.901
0.913
0.925
0.937
0.949
0.961
0.973
0.985
0.997
1.009
1.021
1.033
1.045
1.057
1.069
1.081
1.093
1.105
1.117
1.129
1.141
1.153
1.165
1.177
1.189
1.201
1.213
1.225
1.237
1.249
1.26
1.273
1.285
1.297
1.309
1.321
1.333
1.344
1.357
1.368
1.38
1.392
1.404
1.417
1.429
1.441
1.452
1.464
1.476
1.489
1.5
1.512
1.524
1.537
1.549
1.561
1.572
1.584
1.596
1.608
1.62
1.632
1.644
1.656
1.668
1.681
1.693
1.705
1.717
1.729
1.741
1.752
1.765
1.777
1.789
1.801
1.813
1.825
1.837
1.849
1.861
1.873
1.885
1.897
1.909
1.92
1.933
1.945
1.956
1.969
1.981
1.993
2.005
2.017
2.029
2.041
2.053
2.065
2.077
2.089
2.101
2.113
2.125
2.137
2.148
2.16
2.173
2.185
2.197
2.209
2.221
2.233
2.245
2.256
2.269
2.28
2.293
2.305
2.317
2.329
2.341
2.352
2.365
2.376
2.389
2.401
2.413
2.425
2.437
2.449
2.461
2.473
2.485
2.496
2.508
2.521
2.533
2.545
2.557
2.569
2.581
2.593
2.605
2.616
2.629
2.64
2.653
2.665
2.676
2.689
2.701
2.713
2.725
2.736
2.749
2.76
2.772
2.784
2.797
2.809
2.821
2.833
2.845
2.857
2.869
2.881
2.893
2.905
2.917
2.929
2.941
2.953
2.965
2.977
2.989
3.001
3.013
3.025
3.037
3.049
3.061
3.073
3.085
3.097
3.109
3.121
3.132
3.145
3.157
3.169
3.181
3.193
3.205
3.216
3.229
3.241
3.252
3.265
3.277
3.289
3.3
3.312
3.325
3.337
3.349
3.361
3.373
3.385
3.397
3.408
3.421
3.433
3.445
3.457
3.469
3.481
3.493
3.505
3.516
3.529
3.541
3.553
3.565
3.577
3.589
3.601
3.613
3.625
3.637
3.649
3.661
3.673
3.685
3.697
3.709
3.721
3.733
3.745
3.757
3.769
3.781
3.793
3.805
3.817
3.829
3.841
3.853
3.865
3.877
3.889
3.901
3.913
3.925
3.936
3.949
3.961
3.973
3.985
3.997
4.009
4.021
4.033
4.045
4.057
4.069
4.081
4.093
4.105
4.117
4.129
4.141
4.153
4.165
4.177
4.189
4.201
4.213
4.225
4.237
4.249
4.261
4.273
4.285
4.297
4.309
4.321
4.333
4.345
4.357
4.369
4.381
4.393
4.405
4.417
4.429
4.441
4.453
4.465
4.477
4.489
4.5
4.513
4.525
4.537
4.549
4.561
4.573
4.585
4.597
4.609
4.621
4.633
4.645
4.657
4.669
4.681
4.693
4.705
4.717
4.729
4.741
4.753
4.765
4.777
4.789
4.801
4.813
4.825
4.837
4.849
4.86
4.872
4.885
4.897
4.909
4.92
4.933
4.945
4.957
4.968
4.981
4.993
5.005
5.017
5.028
5.041
5.053
5.065
5.077
5.088
5.101
5.113
5.125
5.137
5.149
5.161
5.173
5.184
5.197
5.209
5.221
5.232
5.245
5.257
5.269
5.281
5.293
5.305
5.317
5.329
5.341
5.352
5.364
5.376
5.388
5.401
5.413
5.424
5.437
5.449
5.461
5.473
5.485
5.497
5.509
5.521
5.533
5.545
5.557
5.569
5.581
5.593
5.605
5.617
5.629
5.64
5.653
5.665
5.677
5.688
5.701
5.713
5.724
5.737
5.749
5.76
5.773
5.785
5.797
5.808
5.821
5.833
5.845
5.857
5.869
5.88
5.893
5.905
5.917
5.929
5.941
5.953
5.965
5.977
5.989
6
6.013
6.024
6.036
6.049
6.06
6.073
6.085
6.097
6.109
6.121
6.133
6.145
6.157
6.168
6.181
6.193
6.205
6.217
6.229
6.241
6.252
6.265
6.277
6.289
6.301
6.313
6.324
6.337
6.348
6.361
6.373
6.385
6.396
6.408
6.421
6.433
6.445
6.457
6.469
6.481
6.493
6.505
6.517
6.529
6.541
6.553
6.565
6.577
6.589
6.6
6.613
6.625
6.637
6.648
6.661
6.673
6.685
6.696
6.708
6.721
6.733
6.745
6.757
6.768
6.781
6.792
6.805
6.814
6.829
6.84
6.852
6.865
6.877
6.888
6.901
6.913
6.925
6.937
6.948
6.961
6.973
6.985
6.997
7.009
7.021
7.032
7.044
7.057
7.068
7.081
7.093
7.105
7.117
7.128
7.141
7.153
7.165
7.177
7.189
7.201
7.213
7.225
7.236
7.249
7.261
7.273
7.285
7.297
7.309
7.321
7.333
7.345
7.357
7.369
7.381
7.393
7.405
7.417
7.429
7.441
7.453
7.465
7.477
7.489
7.501
7.513
7.525
7.537
7.549
7.561
7.573
7.585
7.597
7.609
7.62
7.633
7.645
7.657
7.669
7.68
7.692
7.704
7.716
7.729
7.74
7.752
7.765
7.776
7.789
7.801
7.812
7.825
7.837
7.849
7.861
7.873
7.884
7.897
7.909
7.92
7.933
7.944
7.957
7.969
7.98
7.99
8.005
8.016
8.028
8.041
8.053
8.065
8.077
8.089
8.099
8.113
8.124
8.137
8.149
8.16
8.172
8.185
8.196
8.208
8.221
8.233
8.244
8.257
8.269
8.281
8.293
8.304
8.316
8.329
8.341
8.353
8.365
8.376
8.389
8.401
8.413
8.425
8.437
8.449
8.461
8.473
8.484
8.497
8.509
8.52
8.532
8.544
8.556
8.569
8.581
8.593
8.604
8.617
8.629
8.641
8.653
8.665
8.677
8.689
8.701
8.713
8.725
8.737
8.749
8.761
8.773
8.785
8.797
8.809
8.821
8.833
8.845
8.857
8.869
8.881
8.893
8.905
8.917
8.929
8.941
8.953
8.965
8.977
8.989
9.001
9.013
9.025
9.037
9.049
9.061
9.073
9.085
9.097
9.109
9.121
9.133
9.145
9.157
9.169
9.181
9.193
9.205
9.217
9.229
9.241
9.253
9.265
9.277
9.289
9.301
9.313
9.325
9.337
9.349
9.361
9.373
9.385
9.397
9.409
9.421
9.433
9.445
9.457
9.469
9.481
9.493
9.505
9.517
9.529
9.541
9.553
9.565
9.577
9.589
9.601
9.613
9.625
9.637
9.649
9.661
9.673
9.685
9.697
9.709
9.721
9.733
9.745
9.757
9.769
9.781
9.793
9.805
9.817
9.829
9.84
9.852
9.865
9.877
9.889
9.901
9.913
9.925
9.937
9.949
9.961
9.972
9.985
9.997
10.009
10.021
10.033
10.045
10.057
10.069
10.081
10.093
10.105
10.117
10.129
10.141
10.153
10.165
10.176
10.189
10.201
10.213
10.225
10.237
10.249
10.261
10.272
10.285
10.297
10.309
10.32
10.333
10.345
10.356
10.369
10.381
10.393
10.404
10.417
10.428
10.44
10.453
10.465
10.476
10.489
10.5
10.513
10.524
10.536
10.548
10.56
10.573
10.584
10.597
10.608
10.621
10.633
10.645
10.657
10.669
10.68
10.693
10.705
10.717
10.729
10.741
10.752
10.765
10.777
10.789
10.8
10.812
10.825
10.836
10.848
10.861
10.873
10.885
10.897
10.909
10.921
10.933
10.945
10.957
10.969
10.98
10.992
11.004
11.016
11.029
11.04
11.053
11.065
11.077
11.089
11.101
11.113
11.125
11.137
11.148
11.161
11.173
11.185
11.197
11.209
11.221
11.233
11.245
11.257
11.269
11.281
11.293
11.305
11.317
11.329
11.341
11.353
11.365
11.377
11.388
11.401
11.413
11.425
11.437
11.449
11.461
11.473
11.485
11.497
11.509
11.521
11.532
11.545
11.557
11.569
11.581
11.593
11.605
11.617
11.629
11.64
11.652
11.665
11.677
11.689
11.7
11.713
11.725
11.737
11.749
11.761
11.773
11.785
11.797
11.809
11.821
11.833
11.845
11.857
11.869
11.881
11.893
11.905
