0.001
0.029
0.041
0.053
0.065
0.077
0.089
0.101
0.113
0.125
0.137
0.149
0.161
0.173
0.185
0.197
0.209
0.221
0.233
0.245
0.257
0.269
0.281
0.293
0.305
0.317
0.329
0.341
0.353
0.365
0.377
0.389
0.401
0.413
0.425
0.437
0.449
0.461
0.473
0.485
0.497
0.509
0.521
0.533
0.545
0.557
0.569
0.581
0.593
0.605
0.617
0.629
0.641
0.653
0.665
0.677
0.689
0.701
0.713
0.725
0.737
0.748
0.76
0.773
0.785
0.797
0.809
0.821
0.833
0.845
0.857
0.869
0.88
0.893
0.904
0.917
0.928
0.94
0.953
0.965
0.977
0.989
1.001
1.013
1.025
1.037
1.049
1.061
1.073
1.085
1.097
1.109
1.121
1.133
1.145
1.157
1.169
1.181
1.193
1.205
1.217
1.229
1.241
1.253
1.265
1.277
1.289
1.301
1.313
1.325
1.337
1.349
1.361
1.373
1.385
1.397
1.409
1.421
1.433
1.444
1.457
1.469
1.48
1.493
1.505
1.517
1.529
1.541
1.553
1.565
1.577
1.589
1.601
1.613
1.625
1.637
1.649
1.661
1.673
1.685
1.697
1.709
1.721
1.733
1.745
1.757
1.769
1.781
1.793
1.805
1.817
1.829
1.841
1.853
1.865
1.877
1.889
1.901
1.913
1.925
1.937
1.949
1.961
1.973
1.985
1.997
2.009
2.021
2.033
2.045
2.057
2.069
2.081
2.093
2.105
2.117
2.129
2.141
2.153
2.165
2.177
2.189
2.201
2.213
2.225
2.237
2.249
2.261
2.273
2.285
2.297
2.309
2.321
2.333
2.345
2.357
2.369
2.381
2.393
2.405
2.417
2.429
2.441
2.453
2.465
2.477
2.489
2.501
2.513
2.525
2.537
2.549
2.561
2.573
2.585
2.597
2.609
2.621
2.633
2.645
2.657
2.669
2.681
2.693
2.705
2.717
2.729
2.741
2.753
2.765
2.777
2.789
2.801
2.813
2.825
2.837
2.849
2.861
2.873
2.885
2.897
2.909
2.921
2.933
2.945
2.957
2.969
2.981
2.993
3.005
3.017
3.029
3.041
3.053
3.065
3.077
3.089
3.101
3.113
3.125
3.137
3.149
3.161
3.173
3.184
3.197
3.209
3.22
3.233
3.245
3.257
3.269
3.281
3.293
3.305
3.317
3.329
3.341
3.353
3.364
3.377
3.389
3.401
3.413
3.425
3.437
3.449
3.461
3.473
3.485
3.497
3.509
3.521
3.533
3.545
3.557
3.569
3.581
3.593
3.605
3.617
3.629
3.641
3.653
3.665
3.677
3.689
3.701
3.713
3.725
3.737
3.749
3.761
3.773
3.785
3.797
3.808
3.821
3.833
3.845
3.857
3.869
3.881
3.893
3.905
3.917
3.929
3.941
3.953
3.965
3.977
3.989
4.001
4.013
4.025
4.037
4.049
4.061
4.073
4.085
4.097
4.108
4.121
4.13
4.145
4.157
4.169
4.181
4.193
4.205
4.217
4.229
4.241
4.253
4.265
4.277
4.289
4.301
4.313
4.325
4.337
4.349
4.361
4.373
4.385
4.397
4.409
4.421
4.433
4.445
4.457
4.469
4.481
4.493
4.505
4.517
4.529
4.541
4.553
4.565
4.577
4.589
4.601
4.612
4.625
4.637
4.649
4.661
4.673
4.685
4.697
4.709
4.721
4.733
4.745
4.757
4.768
4.781
4.792
4.805
4.817
4.829
4.841
4.85
4.865
4.877
4.889
4.9
4.913
4.925
4.937
4.949
4.961
4.972
4.985
4.996
5.009
5.021
5.033
5.045
5.057
5.069
5.081
5.093
5.104
5.117
5.129
5.141
5.153
5.165
5.177
5.189
5.201
5.213
5.225
5.237
5.249
5.261
5.273
5.285
5.297
5.309
5.321
5.333
5.345
5.357
5.369
5.381
5.393
5.405
5.417
5.429
5.441
5.453
5.465
5.477
5.489
5.501
5.513
5.525
5.537
5.549
5.561
5.573
5.585
5.597
5.609
5.621
5.633
5.645
5.657
5.669
5.681
5.693
5.705
5.717
5.729
5.741
5.753
5.765
5.777
5.789
5.801
5.813
5.825
5.837
5.849
5.861
5.873
5.885
5.897
5.909
5.921
5.933
5.945
5.957
5.969
5.981
5.993
6.005
6.017
6.029
6.041
6.053
6.065
6.077
6.089
6.101
6.113
6.125
6.137
6.149
6.161
6.173
6.185
6.197
6.209
6.221
6.232
6.245
6.256
6.269
6.281
6.293
6.305
6.317
6.329
6.341
6.353
6.365
6.377
6.389
6.401
6.413
6.424
6.437
6.449
6.46
6.473
6.485
6.497
6.509
6.521
6.533
6.545
6.557
6.569
6.581
6.593
6.605
6.617
6.629
6.641
6.653
6.665
6.677
6.689
6.701
6.713
6.725
6.736
6.749
6.761
6.773
6.785
6.797
6.809
6.821
6.833
6.845
6.857
6.869
